0.00 -0.0000
0.01 0.0000
0.02 0.0001
0.03 0.0001
0.04 0.0002
0.05 0.0003
0.06 0.0004
0.07 0.0006
0.08 0.0008
0.09 0.0010
0.10 0.0012
0.11 0.0015
0.12 0.0018
0.13 0.0021
0.14 0.0024
0.15 0.0028
0.16 0.0032
0.17 0.0036
0.18 0.0040
0.19 0.0045
0.20 0.0050
0.21 0.0055
0.22 0.0060
0.23 0.0066
0.24 0.0072
0.25 0.0078
0.26 0.0084
0.27 0.0091
0.28 0.0097
0.29 0.0104
0.30 0.0112
0.31 0.0119
0.32 0.0127
0.33 0.0135
0.34 0.0143
0.35 0.0152
0.36 0.0160
0.37 0.0169
0.38 0.0178
0.39 0.0188
0.40 0.0197
0.41 0.0207
0.42 0.0217
0.43 0.0228
0.44 0.0238
0.45 0.0249
0.46 0.0260
0.47 0.0271
0.48 0.0283
0.49 0.0294
0.50 0.0306
0.51 0.0318
0.52 0.0330
0.53 0.0343
0.54 0.0356
0.55 0.0369
0.56 0.0382
0.57 0.0395
0.58 0.0409
0.59 0.0423
0.60 0.0437
0.61 0.0451
0.62 0.0465
0.63 0.0480
0.64 0.0495
0.65 0.0510
0.66 0.0525
0.67 0.0540
0.68 0.0556
0.69 0.0572
0.70 0.0588
0.71 0.0604
0.72 0.0620
0.73 0.0637
0.74 0.0654
0.75 0.0671
0.76 0.0688
0.77 0.0705
0.78 0.0723
0.79 0.0740
0.80 0.0758
0.81 0.0776
0.82 0.0794
0.83 0.0813
0.84 0.0831
0.85 0.0850
0.86 0.0869
0.87 0.0888
0.88 0.0907
0.89 0.0926
0.90 0.0946
0.91 0.0966
0.92 0.0985
0.93 0.1005
0.94 0.1025
0.95 0.1046
0.96 0.1066
0.97 0.1087
0.98 0.1107
0.99 0.1128
1.00 0.1149
1.01 0.1170
1.02 0.1191
1.03 0.1213
1.04 0.1234
1.05 0.1256
1.06 0.1278
1.07 0.1299
1.08 0.1321
1.09 0.1343
1.10 0.1366
1.11 0.1388
1.12 0.1410
1.13 0.1433
1.14 0.1456
1.15 0.1478
1.16 0.1501
1.17 0.1524
1.18 0.1547
1.19 0.1570
1.20 0.1593
1.21 0.1617
1.22 0.1640
1.23 0.1664
1.24 0.1687
1.25 0.1711
1.26 0.1735
1.27 0.1758
1.28 0.1782
1.29 0.1806
1.30 0.1830
1.31 0.1854
1.32 0.1878
1.33 0.1903
1.34 0.1927
1.35 0.1951
1.36 0.1976
1.37 0.2000
1.38 0.2024
1.39 0.2049
1.40 0.2074
1.41 0.2098
1.42 0.2123
1.43 0.2147
1.44 0.2172
1.45 0.2197
1.46 0.2222
1.47 0.2246
1.48 0.2271
1.49 0.2296
1.50 0.2321
1.51 0.2346
1.52 0.2371
1.53 0.2395
1.54 0.2420
1.55 0.2445
1.56 0.2470
1.57 0.2495
1.58 0.2520
1.59 0.2545
1.60 0.2570
1.61 0.2595
1.62 0.2619
1.63 0.2644
1.64 0.2669
1.65 0.2694
1.66 0.2719
1.67 0.2743
1.68 0.2768
1.69 0.2793
1.70 0.2817
1.71 0.2842
1.72 0.2867
1.73 0.2891
1.74 0.2916
1.75 0.2940
1.76 0.2964
1.77 0.2989
1.78 0.3013
1.79 0.3037
1.80 0.3061
1.81 0.3086
1.82 0.3110
1.83 0.3134
1.84 0.3157
1.85 0.3181
1.86 0.3205
1.87 0.3229
1.88 0.3252
1.89 0.3276
1.90 0.3299
1.91 0.3323
1.92 0.3346
1.93 0.3369
1.94 0.3392
1.95 0.3415
1.96 0.3438
1.97 0.3461
1.98 0.3483
1.99 0.3506
2.00 0.3528
2.01 0.3551
2.02 0.3573
2.03 0.3595
2.04 0.3617
2.05 0.3639
2.06 0.3661
2.07 0.3682
2.08 0.3704
2.09 0.3725
2.10 0.3746
2.11 0.3767
2.12 0.3788
2.13 0.3809
2.14 0.3830
2.15 0.3850
2.16 0.3871
2.17 0.3891
2.18 0.3911
2.19 0.3931
2.20 0.3951
2.21 0.3970
2.22 0.3990
2.23 0.4009
2.24 0.4028
2.25 0.4047
2.26 0.4066
2.27 0.4084
2.28 0.4103
2.29 0.4121
2.30 0.4139
2.31 0.4157
2.32 0.4175
2.33 0.4192
2.34 0.4210
2.35 0.4227
2.36 0.4244
2.37 0.4261
2.38 0.4277
2.39 0.4294
2.40 0.4310
2.41 0.4326
2.42 0.4342
2.43 0.4357
2.44 0.4373
2.45 0.4388
2.46 0.4403
2.47 0.4418
2.48 0.4432
2.49 0.4446
2.50 0.4461
2.51 0.4474
2.52 0.4488
2.53 0.4502
2.54 0.4515
2.55 0.4528
2.56 0.4541
2.57 0.4553
2.58 0.4566
2.59 0.4578
2.60 0.4590
2.61 0.4601
2.62 0.4613
2.63 0.4624
2.64 0.4635
2.65 0.4646
2.66 0.4656
2.67 0.4666
2.68 0.4676
2.69 0.4686
2.70 0.4696
2.71 0.4705
2.72 0.4714
2.73 0.4723
2.74 0.4731
2.75 0.4739
2.76 0.4747
2.77 0.4755
2.78 0.4763
2.79 0.4770
2.80 0.4777
2.81 0.4784
2.82 0.4790
2.83 0.4796
2.84 0.4802
2.85 0.4808
2.86 0.4813
2.87 0.4818
2.88 0.4823
2.89 0.4828
2.90 0.4832
2.91 0.4836
2.92 0.4840
2.93 0.4844
2.94 0.4847
2.95 0.4850
2.96 0.4853
2.97 0.4855
2.98 0.4857
2.99 0.4859
3.00 0.4861
3.01 0.4862
3.02 0.4863
3.03 0.4864
3.04 0.4865
3.05 0.4865
3.06 0.4865
3.07 0.4865
3.08 0.4864
3.09 0.4863
3.10 0.4862
3.11 0.4861
3.12 0.4859
3.13 0.4857
3.14 0.4855
3.15 0.4852
3.16 0.4849
3.17 0.4846
3.18 0.4843
3.19 0.4839
3.20 0.4835
3.21 0.4831
3.22 0.4827
3.23 0.4822
3.24 0.4817
3.25 0.4811
3.26 0.4806
3.27 0.4800
3.28 0.4794
3.29 0.4787
3.30 0.4780
3.31 0.4773
3.32 0.4766
3.33 0.4758
3.34 0.4750
3.35 0.4742
3.36 0.4734
3.37 0.4725
3.38 0.4716
3.39 0.4707
3.40 0.4697
3.41 0.4687
3.42 0.4677
3.43 0.4667
3.44 0.4656
3.45 0.4645
3.46 0.4634
3.47 0.4622
3.48 0.4611
3.49 0.4599
3.50 0.4586
3.51 0.4574
3.52 0.4561
3.53 0.4548
3.54 0.4534
3.55 0.4521
3.56 0.4507
3.57 0.4492
3.58 0.4478
3.59 0.4463
3.60 0.4448
3.61 0.4433
3.62 0.4417
3.63 0.4401
3.64 0.4385
3.65 0.4369
3.66 0.4352
3.67 0.4335
3.68 0.4318
3.69 0.4301
3.70 0.4283
3.71 0.4265
3.72 0.4247
3.73 0.4229
3.74 0.4210
3.75 0.4191
3.76 0.4172
3.77 0.4153
3.78 0.4133
3.79 0.4113
3.80 0.4093
3.81 0.4073
3.82 0.4052
3.83 0.4031
3.84 0.4010
3.85 0.3989
3.86 0.3967
3.87 0.3945
3.88 0.3923
3.89 0.3901
3.90 0.3879
3.91 0.3856
3.92 0.3833
3.93 0.3810
3.94 0.3786
3.95 0.3763
3.96 0.3739
3.97 0.3715
3.98 0.3690
3.99 0.3666
4.00 0.3641
4.01 0.3616
4.02 0.3591
4.03 0.3566
4.04 0.3540
4.05 0.3515
4.06 0.3489
4.07 0.3463
4.08 0.3436
4.09 0.3410
4.10 0.3383
4.11 0.3356
4.12 0.3329
4.13 0.3302
4.14 0.3274
4.15 0.3246
4.16 0.3219
4.17 0.3191
4.18 0.3162
4.19 0.3134
4.20 0.3105
4.21 0.3077
4.22 0.3048
4.23 0.3019
4.24 0.2989
4.25 0.2960
4.26 0.2930
4.27 0.2901
4.28 0.2871
4.29 0.2841
4.30 0.2811
4.31 0.2780
4.32 0.2750
4.33 0.2719
4.34 0.2688
4.35 0.2657
4.36 0.2626
4.37 0.2595
4.38 0.2564
4.39 0.2532
4.40 0.2501
4.41 0.2469
4.42 0.2437
4.43 0.2405
4.44 0.2373
4.45 0.2341
4.46 0.2309
4.47 0.2276
4.48 0.2244
4.49 0.2211
4.50 0.2178
4.51 0.2146
4.52 0.2113
4.53 0.2080
4.54 0.2047
4.55 0.2013
4.56 0.1980
4.57 0.1947
4.58 0.1913
4.59 0.1880
4.60 0.1846
4.61 0.1812
4.62 0.1778
4.63 0.1745
4.64 0.1711
4.65 0.1677
4.66 0.1643
4.67 0.1608
4.68 0.1574
4.69 0.1540
4.70 0.1506
4.71 0.1471
4.72 0.1437
4.73 0.1403
4.74 0.1368
4.75 0.1334
4.76 0.1299
4.77 0.1264
4.78 0.1230
4.79 0.1195
4.80 0.1160
4.81 0.1126
4.82 0.1091
4.83 0.1056
4.84 0.1022
4.85 0.0987
4.86 0.0952
4.87 0.0917
4.88 0.0882
4.89 0.0848
4.90 0.0813
4.91 0.0778
4.92 0.0743
4.93 0.0709
4.94 0.0674
4.95 0.0639
4.96 0.0604
4.97 0.0570
4.98 0.0535
4.99 0.0500
5.00 0.0466
5.01 0.0431
5.02 0.0396
5.03 0.0362
5.04 0.0327
5.05 0.0293
5.06 0.0258
5.07 0.0224
5.08 0.0190
5.09 0.0156
5.10 0.0121
5.11 0.0087
5.12 0.0053
5.13 0.0019
5.14 -0.0015
5.15 -0.0049
5.16 -0.0083
5.17 -0.0116
5.18 -0.0150
5.19 -0.0184
5.20 -0.0217
5.21 -0.0251
5.22 -0.0284
5.23 -0.0317
5.24 -0.0351
5.25 -0.0384
5.26 -0.0417
5.27 -0.0449
5.28 -0.0482
5.29 -0.0515
5.30 -0.0548
5.31 -0.0580
5.32 -0.0612
5.33 -0.0645
5.34 -0.0677
5.35 -0.0709
5.36 -0.0741
5.37 -0.0772
5.38 -0.0804
5.39 -0.0836
5.40 -0.0867
5.41 -0.0898
5.42 -0.0929
5.43 -0.0960
5.44 -0.0991
5.45 -0.1022
5.46 -0.1053
5.47 -0.1083
5.48 -0.1113
5.49 -0.1143
5.50 -0.1173
5.51 -0.1203
5.52 -0.1233
5.53 -0.1262
5.54 -0.1291
5.55 -0.1321
5.56 -0.1350
5.57 -0.1378
5.58 -0.1407
5.59 -0.1436
5.60 -0.1464
5.61 -0.1492
5.62 -0.1520
5.63 -0.1548
5.64 -0.1575
5.65 -0.1603
5.66 -0.1630
5.67 -0.1657
5.68 -0.1684
5.69 -0.1710
5.70 -0.1737
5.71 -0.1763
5.72 -0.1789
5.73 -0.1815
5.74 -0.1840
5.75 -0.1866
5.76 -0.1891
5.77 -0.1916
5.78 -0.1941
5.79 -0.1965
5.80 -0.1990
5.81 -0.2014
5.82 -0.2038
5.83 -0.2061
5.84 -0.2085
5.85 -0.2108
5.86 -0.2131
5.87 -0.2154
5.88 -0.2176
5.89 -0.2199
5.90 -0.2221
5.91 -0.2243
5.92 -0.2264
5.93 -0.2286
5.94 -0.2307
5.95 -0.2328
5.96 -0.2349
5.97 -0.2369
5.98 -0.2389
5.99 -0.2409
6.00 -0.2429
6.01 -0.2448
6.02 -0.2467
6.03 -0.2486
6.04 -0.2505
6.05 -0.2524
6.06 -0.2542
6.07 -0.2560
6.08 -0.2577
6.09 -0.2595
6.10 -0.2612
6.11 -0.2629
6.12 -0.2645
6.13 -0.2662
6.14 -0.2678
6.15 -0.2694
6.16 -0.2709
6.17 -0.2725
6.18 -0.2740
6.19 -0.2754
6.20 -0.2769
6.21 -0.2783
6.22 -0.2797
6.23 -0.2811
6.24 -0.2824
6.25 -0.2837
6.26 -0.2850
6.27 -0.2863
6.28 -0.2875
6.29 -0.2887
6.30 -0.2899
6.31 -0.2910
6.32 -0.2921
6.33 -0.2932
6.34 -0.2943
6.35 -0.2953
6.36 -0.2963
6.37 -0.2973
6.38 -0.2983
6.39 -0.2992
6.40 -0.3001
6.41 -0.3009
6.42 -0.3018
6.43 -0.3026
6.44 -0.3034
6.45 -0.3041
6.46 -0.3048
6.47 -0.3055
6.48 -0.3062
6.49 -0.3068
6.50 -0.3074
6.51 -0.3080
6.52 -0.3086
6.53 -0.3091
6.54 -0.3096
6.55 -0.3100
6.56 -0.3105
6.57 -0.3109
6.58 -0.3113
6.59 -0.3116
6.60 -0.3119
6.61 -0.3122
6.62 -0.3125
6.63 -0.3127
6.64 -0.3129
6.65 -0.3131
6.66 -0.3132
6.67 -0.3133
6.68 -0.3134
6.69 -0.3135
6.70 -0.3135
6.71 -0.3135
6.72 -0.3135
6.73 -0.3134
6.74 -0.3134
6.75 -0.3133
6.76 -0.3131
6.77 -0.3129
6.78 -0.3128
6.79 -0.3125
6.80 -0.3123
6.81 -0.3120
6.82 -0.3117
6.83 -0.3114
6.84 -0.3110
6.85 -0.3106
6.86 -0.3102
6.87 -0.3097
6.88 -0.3092
6.89 -0.3087
6.90 -0.3082
6.91 -0.3077
6.92 -0.3071
6.93 -0.3065
6.94 -0.3058
6.95 -0.3052
6.96 -0.3045
6.97 -0.3037
6.98 -0.3030
6.99 -0.3022
7.00 -0.3014
7.01 -0.3006
7.02 -0.2997
7.03 -0.2988
7.04 -0.2979
7.05 -0.2970
7.06 -0.2961
7.07 -0.2951
7.08 -0.2941
7.09 -0.2930
7.10 -0.2920
7.11 -0.2909
7.12 -0.2898
7.13 -0.2886
7.14 -0.2875
7.15 -0.2863
7.16 -0.2851
7.17 -0.2838
7.18 -0.2826
7.19 -0.2813
7.20 -0.2800
7.21 -0.2786
7.22 -0.2773
7.23 -0.2759
7.24 -0.2745
7.25 -0.2731
7.26 -0.2716
7.27 -0.2701
7.28 -0.2686
7.29 -0.2671
7.30 -0.2656
7.31 -0.2640
7.32 -0.2624
7.33 -0.2608
7.34 -0.2592
7.35 -0.2575
7.36 -0.2559
7.37 -0.2542
7.38 -0.2525
7.39 -0.2507
7.40 -0.2490
7.41 -0.2472
7.42 -0.2454
7.43 -0.2436
7.44 -0.2417
7.45 -0.2399
7.46 -0.2380
7.47 -0.2361
7.48 -0.2342
7.49 -0.2322
7.50 -0.2303
7.51 -0.2283
7.52 -0.2263
7.53 -0.2243
7.54 -0.2222
7.55 -0.2202
7.56 -0.2181
7.57 -0.2160
7.58 -0.2139
7.59 -0.2118
7.60 -0.2097
7.61 -0.2075
7.62 -0.2054
7.63 -0.2032
7.64 -0.2010
7.65 -0.1988
7.66 -0.1965
7.67 -0.1943
7.68 -0.1920
7.69 -0.1897
7.70 -0.1874
7.71 -0.1851
7.72 -0.1828
7.73 -0.1805
7.74 -0.1781
7.75 -0.1758
7.76 -0.1734
7.77 -0.1710
7.78 -0.1686
7.79 -0.1662
7.80 -0.1638
7.81 -0.1613
7.82 -0.1589
7.83 -0.1564
7.84 -0.1539
7.85 -0.1514
7.86 -0.1489
7.87 -0.1464
7.88 -0.1439
7.89 -0.1414
7.90 -0.1389
7.91 -0.1363
7.92 -0.1337
7.93 -0.1312
7.94 -0.1286
7.95 -0.1260
7.96 -0.1234
7.97 -0.1208
7.98 -0.1182
7.99 -0.1156
8.00 -0.1130
8.01 -0.1103
8.02 -0.1077
8.03 -0.1050
8.04 -0.1024
8.05 -0.0997
8.06 -0.0971
8.07 -0.0944
8.08 -0.0917
8.09 -0.0890
8.10 -0.0864
8.11 -0.0837
8.12 -0.0810
8.13 -0.0783
8.14 -0.0756
8.15 -0.0729
8.16 -0.0701
8.17 -0.0674
8.18 -0.0647
8.19 -0.0620
8.20 -0.0593
8.21 -0.0565
8.22 -0.0538
8.23 -0.0511
8.24 -0.0483
8.25 -0.0456
8.26 -0.0429
8.27 -0.0402
8.28 -0.0374
8.29 -0.0347
8.30 -0.0319
8.31 -0.0292
8.32 -0.0265
8.33 -0.0237
8.34 -0.0210
8.35 -0.0183
8.36 -0.0156
8.37 -0.0128
8.38 -0.0101
8.39 -0.0074
8.40 -0.0047
8.41 -0.0019
8.42 0.0008
8.43 0.0035
8.44 0.0062
8.45 0.0089
8.46 0.0116
8.47 0.0143
8.48 0.0170
8.49 0.0197
8.50 0.0224
8.51 0.0250
8.52 0.0277
8.53 0.0304
8.54 0.0330
8.55 0.0357
8.56 0.0383
8.57 0.0410
8.58 0.0436
8.59 0.0462
8.60 0.0488
8.61 0.0514
8.62 0.0540
8.63 0.0566
8.64 0.0592
8.65 0.0618
8.66 0.0644
8.67 0.0669
8.68 0.0695
8.69 0.0720
8.70 0.0746
8.71 0.0771
8.72 0.0796
8.73 0.0821
8.74 0.0846
8.75 0.0871
8.76 0.0895
8.77 0.0920
8.78 0.0944
8.79 0.0969
8.80 0.0993
8.81 0.1017
8.82 0.1041
8.83 0.1065
8.84 0.1088
8.85 0.1112
8.86 0.1135
8.87 0.1159
8.88 0.1182
8.89 0.1205
8.90 0.1228
8.91 0.1251
8.92 0.1273
8.93 0.1296
8.94 0.1318
8.95 0.1340
8.96 0.1362
8.97 0.1384
8.98 0.1406
8.99 0.1427
9.00 0.1449
9.01 0.1470
9.02 0.1491
9.03 0.1512
9.04 0.1533
9.05 0.1553
9.06 0.1574
9.07 0.1594
9.08 0.1614
9.09 0.1634
9.10 0.1653
9.11 0.1673
9.12 0.1692
9.13 0.1711
9.14 0.1730
9.15 0.1749
9.16 0.1768
9.17 0.1786
9.18 0.1804
9.19 0.1822
9.20 0.1840
9.21 0.1858
9.22 0.1875
9.23 0.1893
9.24 0.1910
9.25 0.1927
9.26 0.1943
9.27 0.1960
9.28 0.1976
9.29 0.1992
9.30 0.2008
9.31 0.2023
9.32 0.2039
9.33 0.2054
9.34 0.2069
9.35 0.2084
9.36 0.2098
9.37 0.2113
9.38 0.2127
9.39 0.2141
9.40 0.2154
9.41 0.2168
9.42 0.2181
9.43 0.2194
9.44 0.2207
9.45 0.2219
9.46 0.2232
9.47 0.2244
9.48 0.2256
9.49 0.2267
9.50 0.2279
9.51 0.2290
9.52 0.2301
9.53 0.2312
9.54 0.2322
9.55 0.2333
9.56 0.2343
9.57 0.2353
9.58 0.2362
9.59 0.2371
9.60 0.2381
9.61 0.2389
9.62 0.2398
9.63 0.2406
9.64 0.2415
9.65 0.2423
9.66 0.2430
9.67 0.2438
9.68 0.2445
9.69 0.2452
9.70 0.2459
9.71 0.2465
9.72 0.2471
9.73 0.2477
9.74 0.2483
9.75 0.2488
9.76 0.2494
9.77 0.2499
9.78 0.2503
9.79 0.2508
9.80 0.2512
9.81 0.2516
9.82 0.2520
9.83 0.2524
9.84 0.2527
9.85 0.2530
9.86 0.2533
9.87 0.2535
9.88 0.2538
9.89 0.2540
9.90 0.2542
9.91 0.2543
9.92 0.2544
9.93 0.2546
9.94 0.2546
9.95 0.2547
9.96 0.2547
9.97 0.2547
9.98 0.2547
9.99 0.2547
10.00 0.2546
10.01 0.2545
10.02 0.2544
10.03 0.2543
10.04 0.2541
10.05 0.2540
10.06 0.2537
10.07 0.2535
10.08 0.2533
10.09 0.2530
10.10 0.2527
10.11 0.2523
10.12 0.2520
10.13 0.2516
10.14 0.2512
10.15 0.2508
10.16 0.2503
10.17 0.2499
10.18 0.2494
10.19 0.2489
10.20 0.2483
10.21 0.2477
10.22 0.2472
10.23 0.2465
10.24 0.2459
10.25 0.2453
10.26 0.2446
10.27 0.2439
10.28 0.2431
10.29 0.2424
10.30 0.2416
10.31 0.2408
10.32 0.2400
10.33 0.2392
10.34 0.2383
10.35 0.2374
10.36 0.2365
10.37 0.2356
10.38 0.2347
10.39 0.2337
10.40 0.2327
10.41 0.2317
10.42 0.2306
10.43 0.2296
10.44 0.2285
10.45 0.2274
10.46 0.2263
10.47 0.2252
10.48 0.2240
10.49 0.2228
10.50 0.2216
10.51 0.2204
10.52 0.2191
10.53 0.2179
10.54 0.2166
10.55 0.2153
10.56 0.2140
10.57 0.2126
10.58 0.2113
10.59 0.2099
10.60 0.2085
10.61 0.2071
10.62 0.2057
10.63 0.2042
10.64 0.2027
10.65 0.2013
10.66 0.1997
10.67 0.1982
10.68 0.1967
10.69 0.1951
10.70 0.1935
10.71 0.1919
10.72 0.1903
10.73 0.1887
10.74 0.1871
10.75 0.1854
10.76 0.1837
10.77 0.1820
10.78 0.1803
10.79 0.1786
10.80 0.1768
10.81 0.1751
10.82 0.1733
10.83 0.1715
10.84 0.1697
10.85 0.1679
10.86 0.1661
10.87 0.1642
10.88 0.1624
10.89 0.1605
10.90 0.1586
10.91 0.1567
10.92 0.1548
10.93 0.1529
10.94 0.1509
10.95 0.1490
10.96 0.1470
10.97 0.1450
10.98 0.1430
10.99 0.1410
11.00 0.1390
11.01 0.1370
11.02 0.1350
11.03 0.1329
11.04 0.1308
11.05 0.1288
11.06 0.1267
11.07 0.1246
11.08 0.1225
11.09 0.1204
11.10 0.1183
11.11 0.1161
11.12 0.1140
11.13 0.1118
11.14 0.1097
11.15 0.1075
11.16 0.1053
11.17 0.1032
11.18 0.1010
11.19 0.0988
11.20 0.0966
11.21 0.0943
11.22 0.0921
11.23 0.0899
11.24 0.0877
11.25 0.0854
11.26 0.0832
11.27 0.0809
11.28 0.0786
11.29 0.0764
11.30 0.0741
11.31 0.0718
11.32 0.0696
11.33 0.0673
11.34 0.0650
11.35 0.0627
11.36 0.0604
11.37 0.0581
11.38 0.0558
11.39 0.0535
11.40 0.0511
11.41 0.0488
11.42 0.0465
11.43 0.0442
11.44 0.0419
11.45 0.0395
11.46 0.0372
11.47 0.0349
11.48 0.0326
11.49 0.0302
11.50 0.0279
11.51 0.0256
11.52 0.0232
11.53 0.0209
11.54 0.0186
11.55 0.0162
11.56 0.0139
11.57 0.0116
11.58 0.0092
11.59 0.0069
11.60 0.0046
11.61 0.0022
11.62 -0.0001
11.63 -0.0024
11.64 -0.0047
11.65 -0.0070
11.66 -0.0094
11.67 -0.0117
11.68 -0.0140
11.69 -0.0163
11.70 -0.0186
11.71 -0.0209
11.72 -0.0232
11.73 -0.0255
11.74 -0.0278
11.75 -0.0300
11.76 -0.0323
11.77 -0.0346
11.78 -0.0369
11.79 -0.0391
11.80 -0.0414
11.81 -0.0436
11.82 -0.0459
11.83 -0.0481
11.84 -0.0503
11.85 -0.0526
11.86 -0.0548
11.87 -0.0570
11.88 -0.0592
11.89 -0.0614
11.90 -0.0636
11.91 -0.0658
11.92 -0.0679
11.93 -0.0701
11.94 -0.0722
11.95 -0.0744
11.96 -0.0765
11.97 -0.0786
11.98 -0.0808
11.99 -0.0829
12.00 -0.0850
12.01 -0.0871
12.02 -0.0891
12.03 -0.0912
12.04 -0.0933
12.05 -0.0953
12.06 -0.0973
12.07 -0.0994
12.08 -0.1014
12.09 -0.1034
12.10 -0.1054
12.11 -0.1073
12.12 -0.1093
12.13 -0.1113
12.14 -0.1132
12.15 -0.1151
12.16 -0.1170
12.17 -0.1189
12.18 -0.1208
12.19 -0.1227
12.20 -0.1246
12.21 -0.1264
12.22 -0.1283
12.23 -0.1301
12.24 -0.1319
12.25 -0.1337
12.26 -0.1355
12.27 -0.1372
12.28 -0.1390
12.29 -0.1407
12.30 -0.1424
12.31 -0.1441
12.32 -0.1458
12.33 -0.1475
12.34 -0.1491
12.35 -0.1508
12.36 -0.1524
12.37 -0.1540
12.38 -0.1556
12.39 -0.1572
12.40 -0.1587
12.41 -0.1603
12.42 -0.1618
12.43 -0.1633
12.44 -0.1648
12.45 -0.1663
12.46 -0.1677
12.47 -0.1692
12.48 -0.1706
12.49 -0.1720
12.50 -0.1734
12.51 -0.1748
12.52 -0.1761
12.53 -0.1774
12.54 -0.1788
12.55 -0.1800
12.56 -0.1813
12.57 -0.1826
12.58 -0.1838
12.59 -0.1850
12.60 -0.1862
12.61 -0.1874
12.62 -0.1886
12.63 -0.1897
12.64 -0.1909
12.65 -0.1920
12.66 -0.1930
12.67 -0.1941
12.68 -0.1952
12.69 -0.1962
12.70 -0.1972
12.71 -0.1982
12.72 -0.1991
12.73 -0.2001
12.74 -0.2010
12.75 -0.2019
12.76 -0.2028
12.77 -0.2037
12.78 -0.2045
12.79 -0.2053
12.80 -0.2061
12.81 -0.2069
12.82 -0.2077
12.83 -0.2084
12.84 -0.2091
12.85 -0.2098
12.86 -0.2105
12.87 -0.2112
12.88 -0.2118
12.89 -0.2124
12.90 -0.2130
12.91 -0.2136
12.92 -0.2141
12.93 -0.2146
12.94 -0.2152
12.95 -0.2156
12.96 -0.2161
12.97 -0.2166
12.98 -0.2170
12.99 -0.2174
13.00 -0.2178
13.01 -0.2181
13.02 -0.2184
13.03 -0.2188
13.04 -0.2191
13.05 -0.2193
13.06 -0.2196
13.07 -0.2198
13.08 -0.2200
13.09 -0.2202
13.10 -0.2203
13.11 -0.2205
13.12 -0.2206
13.13 -0.2207
13.14 -0.2208
13.15 -0.2208
13.16 -0.2209
13.17 -0.2209
13.18 -0.2209
13.19 -0.2208
13.20 -0.2208
13.21 -0.2207
13.22 -0.2206
13.23 -0.2205
13.24 -0.2204
13.25 -0.2202
13.26 -0.2200
13.27 -0.2198
13.28 -0.2196
13.29 -0.2193
13.30 -0.2191
13.31 -0.2188
13.32 -0.2185
13.33 -0.2181
13.34 -0.2178
13.35 -0.2174
13.36 -0.2170
13.37 -0.2166
13.38 -0.2162
13.39 -0.2157
13.40 -0.2152
13.41 -0.2147
13.42 -0.2142
13.43 -0.2137
13.44 -0.2131
13.45 -0.2125
13.46 -0.2119
13.47 -0.2113
13.48 -0.2107
13.49 -0.2100
13.50 -0.2093
13.51 -0.2086
13.52 -0.2079
13.53 -0.2072
13.54 -0.2064
13.55 -0.2056
13.56 -0.2048
13.57 -0.2040
13.58 -0.2032
13.59 -0.2023
13.60 -0.2014
13.61 -0.2005
13.62 -0.1996
13.63 -0.1987
13.64 -0.1977
13.65 -0.1968
13.66 -0.1958
13.67 -0.1948
13.68 -0.1938
13.69 -0.1927
13.70 -0.1916
13.71 -0.1906
13.72 -0.1895
13.73 -0.1883
13.74 -0.1872
13.75 -0.1861
13.76 -0.1849
13.77 -0.1837
13.78 -0.1825
13.79 -0.1813
13.80 -0.1800
13.81 -0.1788
13.82 -0.1775
13.83 -0.1762
13.84 -0.1749
13.85 -0.1736
13.86 -0.1723
13.87 -0.1709
13.88 -0.1696
13.89 -0.1682
13.90 -0.1668
13.91 -0.1654
13.92 -0.1639
13.93 -0.1625
13.94 -0.1610
13.95 -0.1596
13.96 -0.1581
13.97 -0.1566
13.98 -0.1551
13.99 -0.1535
14.00 -0.1520
14.01 -0.1504
14.02 -0.1489
14.03 -0.1473
14.04 -0.1457
14.05 -0.1441
14.06 -0.1424
14.07 -0.1408
14.08 -0.1391
14.09 -0.1375
14.10 -0.1358
14.11 -0.1341
14.12 -0.1324
14.13 -0.1307
14.14 -0.1290
14.15 -0.1273
14.16 -0.1255
14.17 -0.1238
14.18 -0.1220
14.19 -0.1202
14.20 -0.1184
14.21 -0.1166
14.22 -0.1148
14.23 -0.1130
14.24 -0.1112
14.25 -0.1093
14.26 -0.1075
14.27 -0.1056
14.28 -0.1038
14.29 -0.1019
14.30 -0.1000
14.31 -0.0981
14.32 -0.0962
14.33 -0.0943
14.34 -0.0924
14.35 -0.0905
14.36 -0.0885
14.37 -0.0866
14.38 -0.0847
14.39 -0.0827
14.40 -0.0807
14.41 -0.0788
14.42 -0.0768
14.43 -0.0748
14.44 -0.0728
14.45 -0.0708
14.46 -0.0689
14.47 -0.0669
14.48 -0.0648
14.49 -0.0628
14.50 -0.0608
14.51 -0.0588
14.52 -0.0568
14.53 -0.0547
14.54 -0.0527
14.55 -0.0507
14.56 -0.0486
14.57 -0.0466
14.58 -0.0445
14.59 -0.0425
14.60 -0.0404
14.61 -0.0384
14.62 -0.0363
14.63 -0.0343
14.64 -0.0322
14.65 -0.0301
14.66 -0.0281
14.67 -0.0260
14.68 -0.0239
14.69 -0.0219
14.70 -0.0198
14.71 -0.0177
14.72 -0.0157
14.73 -0.0136
14.74 -0.0115
14.75 -0.0095
14.76 -0.0074
14.77 -0.0053
14.78 -0.0032
14.79 -0.0012
14.80 0.0009
14.81 0.0030
14.82 0.0050
14.83 0.0071
14.84 0.0091
14.85 0.0112
14.86 0.0132
14.87 0.0153
14.88 0.0173
14.89 0.0194
14.90 0.0214
14.91 0.0235
14.92 0.0255
14.93 0.0275
14.94 0.0296
14.95 0.0316
14.96 0.0336
14.97 0.0356
14.98 0.0376
14.99 0.0396
