0.00 -0.0000
0.01 -0.0000
0.02 0.0000
0.03 0.0000
0.04 0.0000
0.05 0.0000
0.06 -0.0000
0.07 0.0000
0.08 0.0000
0.09 0.0000
0.10 0.0000
0.11 0.0000
0.12 0.0000
0.13 0.0000
0.14 0.0000
0.15 0.0000
0.16 0.0000
0.17 0.0000
0.18 0.0000
0.19 0.0000
0.20 0.0000
0.21 0.0000
0.22 0.0000
0.23 0.0000
0.24 0.0000
0.25 0.0000
0.26 0.0000
0.27 0.0000
0.28 0.0000
0.29 0.0000
0.30 0.0000
0.31 0.0000
0.32 0.0000
0.33 0.0000
0.34 0.0000
0.35 0.0000
0.36 0.0000
0.37 0.0000
0.38 0.0001
0.39 0.0001
0.40 0.0001
0.41 0.0001
0.42 0.0001
0.43 0.0001
0.44 0.0001
0.45 0.0001
0.46 0.0001
0.47 0.0001
0.48 0.0001
0.49 0.0001
0.50 0.0002
0.51 0.0002
0.52 0.0002
0.53 0.0002
0.54 0.0002
0.55 0.0002
0.56 0.0003
0.57 0.0003
0.58 0.0003
0.59 0.0003
0.60 0.0003
0.61 0.0004
0.62 0.0004
0.63 0.0004
0.64 0.0004
0.65 0.0005
0.66 0.0005
0.67 0.0005
0.68 0.0005
0.69 0.0006
0.70 0.0006
0.71 0.0006
0.72 0.0007
0.73 0.0007
0.74 0.0008
0.75 0.0008
0.76 0.0008
0.77 0.0009
0.78 0.0009
0.79 0.0010
0.80 0.0010
0.81 0.0011
0.82 0.0011
0.83 0.0012
0.84 0.0013
0.85 0.0013
0.86 0.0014
0.87 0.0014
0.88 0.0015
0.89 0.0016
0.90 0.0016
0.91 0.0017
0.92 0.0018
0.93 0.0019
0.94 0.0019
0.95 0.0020
0.96 0.0021
0.97 0.0022
0.98 0.0023
0.99 0.0024
1.00 0.0025
1.01 0.0026
1.02 0.0027
1.03 0.0028
1.04 0.0029
1.05 0.0030
1.06 0.0031
1.07 0.0032
1.08 0.0033
1.09 0.0035
1.10 0.0036
1.11 0.0037
1.12 0.0038
1.13 0.0040
1.14 0.0041
1.15 0.0043
1.16 0.0044
1.17 0.0046
1.18 0.0047
1.19 0.0049
1.20 0.0050
1.21 0.0052
1.22 0.0054
1.23 0.0055
1.24 0.0057
1.25 0.0059
1.26 0.0061
1.27 0.0062
1.28 0.0064
1.29 0.0066
1.30 0.0068
1.31 0.0070
1.32 0.0072
1.33 0.0075
1.34 0.0077
1.35 0.0079
1.36 0.0081
1.37 0.0083
1.38 0.0086
1.39 0.0088
1.40 0.0091
1.41 0.0093
1.42 0.0096
1.43 0.0098
1.44 0.0101
1.45 0.0104
1.46 0.0106
1.47 0.0109
1.48 0.0112
1.49 0.0115
1.50 0.0118
1.51 0.0121
1.52 0.0124
1.53 0.0127
1.54 0.0130
1.55 0.0133
1.56 0.0136
1.57 0.0140
1.58 0.0143
1.59 0.0146
1.60 0.0150
1.61 0.0153
1.62 0.0157
1.63 0.0161
1.64 0.0164
1.65 0.0168
1.66 0.0172
1.67 0.0176
1.68 0.0180
1.69 0.0184
1.70 0.0188
1.71 0.0192
1.72 0.0196
1.73 0.0200
1.74 0.0205
1.75 0.0209
1.76 0.0214
1.77 0.0218
1.78 0.0223
1.79 0.0227
1.80 0.0232
1.81 0.0237
1.82 0.0242
1.83 0.0246
1.84 0.0251
1.85 0.0256
1.86 0.0262
1.87 0.0267
1.88 0.0272
1.89 0.0277
1.90 0.0283
1.91 0.0288
1.92 0.0293
1.93 0.0299
1.94 0.0305
1.95 0.0310
1.96 0.0316
1.97 0.0322
1.98 0.0328
1.99 0.0334
2.00 0.0340
2.01 0.0346
2.02 0.0352
2.03 0.0359
2.04 0.0365
2.05 0.0371
2.06 0.0378
2.07 0.0384
2.08 0.0391
2.09 0.0398
2.10 0.0405
2.11 0.0411
2.12 0.0418
2.13 0.0425
2.14 0.0432
2.15 0.0440
2.16 0.0447
2.17 0.0454
2.18 0.0461
2.19 0.0469
2.20 0.0476
2.21 0.0484
2.22 0.0492
2.23 0.0500
2.24 0.0507
2.25 0.0515
2.26 0.0523
2.27 0.0531
2.28 0.0539
2.29 0.0548
2.30 0.0556
2.31 0.0564
2.32 0.0573
2.33 0.0581
2.34 0.0590
2.35 0.0599
2.36 0.0607
2.37 0.0616
2.38 0.0625
2.39 0.0634
2.40 0.0643
2.41 0.0652
2.42 0.0661
2.43 0.0671
2.44 0.0680
2.45 0.0689
2.46 0.0699
2.47 0.0709
2.48 0.0718
2.49 0.0728
2.50 0.0738
2.51 0.0748
2.52 0.0758
2.53 0.0768
2.54 0.0778
2.55 0.0788
2.56 0.0798
2.57 0.0809
2.58 0.0819
2.59 0.0830
2.60 0.0840
2.61 0.0851
2.62 0.0861
2.63 0.0872
2.64 0.0883
2.65 0.0894
2.66 0.0905
2.67 0.0916
2.68 0.0927
2.69 0.0939
2.70 0.0950
2.71 0.0961
2.72 0.0973
2.73 0.0984
2.74 0.0996
2.75 0.1007
2.76 0.1019
2.77 0.1031
2.78 0.1043
2.79 0.1055
2.80 0.1067
2.81 0.1079
2.82 0.1091
2.83 0.1103
2.84 0.1115
2.85 0.1128
2.86 0.1140
2.87 0.1153
2.88 0.1165
2.89 0.1178
2.90 0.1190
2.91 0.1203
2.92 0.1216
2.93 0.1229
2.94 0.1242
2.95 0.1255
2.96 0.1268
2.97 0.1281
2.98 0.1294
2.99 0.1307
3.00 0.1320
3.01 0.1334
3.02 0.1347
3.03 0.1361
3.04 0.1374
3.05 0.1388
3.06 0.1401
3.07 0.1415
3.08 0.1429
3.09 0.1442
3.10 0.1456
3.11 0.1470
3.12 0.1484
3.13 0.1498
3.14 0.1512
3.15 0.1526
3.16 0.1540
3.17 0.1554
3.18 0.1569
3.19 0.1583
3.20 0.1597
3.21 0.1612
3.22 0.1626
3.23 0.1640
3.24 0.1655
3.25 0.1669
3.26 0.1684
3.27 0.1699
3.28 0.1713
3.29 0.1728
3.30 0.1743
3.31 0.1758
3.32 0.1772
3.33 0.1787
3.34 0.1802
3.35 0.1817
3.36 0.1832
3.37 0.1847
3.38 0.1862
3.39 0.1877
3.40 0.1892
3.41 0.1907
3.42 0.1922
3.43 0.1937
3.44 0.1953
3.45 0.1968
3.46 0.1983
3.47 0.1998
3.48 0.2013
3.49 0.2029
3.50 0.2044
3.51 0.2059
3.52 0.2075
3.53 0.2090
3.54 0.2105
3.55 0.2121
3.56 0.2136
3.57 0.2152
3.58 0.2167
3.59 0.2183
3.60 0.2198
3.61 0.2213
3.62 0.2229
3.63 0.2244
3.64 0.2260
3.65 0.2275
3.66 0.2291
3.67 0.2306
3.68 0.2322
3.69 0.2337
3.70 0.2353
3.71 0.2368
3.72 0.2384
3.73 0.2399
3.74 0.2415
3.75 0.2430
3.76 0.2446
3.77 0.2461
3.78 0.2477
3.79 0.2492
3.80 0.2507
3.81 0.2523
3.82 0.2538
3.83 0.2554
3.84 0.2569
3.85 0.2584
3.86 0.2600
3.87 0.2615
3.88 0.2630
3.89 0.2645
3.90 0.2661
3.91 0.2676
3.92 0.2691
3.93 0.2706
3.94 0.2721
3.95 0.2736
3.96 0.2751
3.97 0.2766
3.98 0.2781
3.99 0.2796
4.00 0.2811
4.01 0.2826
4.02 0.2841
4.03 0.2856
4.04 0.2871
4.05 0.2885
4.06 0.2900
4.07 0.2915
4.08 0.2929
4.09 0.2944
4.10 0.2958
4.11 0.2973
4.12 0.2987
4.13 0.3001
4.14 0.3016
4.15 0.3030
4.16 0.3044
4.17 0.3058
4.18 0.3072
4.19 0.3086
4.20 0.3100
4.21 0.3114
4.22 0.3128
4.23 0.3142
4.24 0.3155
4.25 0.3169
4.26 0.3183
4.27 0.3196
4.28 0.3210
4.29 0.3223
4.30 0.3236
4.31 0.3249
4.32 0.3262
4.33 0.3275
4.34 0.3288
4.35 0.3301
4.36 0.3314
4.37 0.3327
4.38 0.3339
4.39 0.3352
4.40 0.3365
4.41 0.3377
4.42 0.3389
4.43 0.3401
4.44 0.3414
4.45 0.3426
4.46 0.3437
4.47 0.3449
4.48 0.3461
4.49 0.3473
4.50 0.3484
4.51 0.3496
4.52 0.3507
4.53 0.3518
4.54 0.3529
4.55 0.3540
4.56 0.3551
4.57 0.3562
4.58 0.3573
4.59 0.3584
4.60 0.3594
4.61 0.3605
4.62 0.3615
4.63 0.3625
4.64 0.3635
4.65 0.3645
4.66 0.3655
4.67 0.3665
4.68 0.3674
4.69 0.3684
4.70 0.3693
4.71 0.3702
4.72 0.3711
4.73 0.3720
4.74 0.3729
4.75 0.3738
4.76 0.3746
4.77 0.3755
4.78 0.3763
4.79 0.3772
4.80 0.3780
4.81 0.3788
4.82 0.3795
4.83 0.3803
4.84 0.3811
4.85 0.3818
4.86 0.3825
4.87 0.3832
4.88 0.3839
4.89 0.3846
4.90 0.3853
4.91 0.3860
4.92 0.3866
4.93 0.3872
4.94 0.3879
4.95 0.3885
4.96 0.3890
4.97 0.3896
4.98 0.3902
4.99 0.3907
5.00 0.3912
5.01 0.3917
5.02 0.3922
5.03 0.3927
5.04 0.3932
5.05 0.3936
5.06 0.3941
5.07 0.3945
5.08 0.3949
5.09 0.3953
5.10 0.3956
5.11 0.3960
5.12 0.3963
5.13 0.3967
5.14 0.3970
5.15 0.3973
5.16 0.3975
5.17 0.3978
5.18 0.3980
5.19 0.3983
5.20 0.3985
5.21 0.3987
5.22 0.3988
5.23 0.3990
5.24 0.3991
5.25 0.3993
5.26 0.3994
5.27 0.3995
5.28 0.3995
5.29 0.3996
5.30 0.3996
5.31 0.3996
5.32 0.3997
5.33 0.3996
5.34 0.3996
5.35 0.3996
5.36 0.3995
5.37 0.3994
5.38 0.3993
5.39 0.3992
5.40 0.3991
5.41 0.3989
5.42 0.3987
5.43 0.3985
5.44 0.3983
5.45 0.3981
5.46 0.3979
5.47 0.3976
5.48 0.3973
5.49 0.3970
5.50 0.3967
5.51 0.3964
5.52 0.3960
5.53 0.3957
5.54 0.3953
5.55 0.3949
5.56 0.3944
5.57 0.3940
5.58 0.3935
5.59 0.3931
5.60 0.3926
5.61 0.3920
5.62 0.3915
5.63 0.3910
5.64 0.3904
5.65 0.3898
5.66 0.3892
5.67 0.3886
5.68 0.3879
5.69 0.3873
5.70 0.3866
5.71 0.3859
5.72 0.3852
5.73 0.3844
5.74 0.3837
5.75 0.3829
5.76 0.3821
5.77 0.3813
5.78 0.3805
5.79 0.3796
5.80 0.3788
5.81 0.3779
5.82 0.3770
5.83 0.3761
5.84 0.3751
5.85 0.3742
5.86 0.3732
5.87 0.3722
5.88 0.3712
5.89 0.3702
5.90 0.3691
5.91 0.3680
5.92 0.3670
5.93 0.3659
5.94 0.3647
5.95 0.3636
5.96 0.3624
5.97 0.3613
5.98 0.3601
5.99 0.3589
6.00 0.3576
6.01 0.3564
6.02 0.3551
6.03 0.3538
6.04 0.3525
6.05 0.3512
6.06 0.3499
6.07 0.3485
6.08 0.3472
6.09 0.3458
6.10 0.3444
6.11 0.3430
6.12 0.3415
6.13 0.3401
6.14 0.3386
6.15 0.3371
6.16 0.3356
6.17 0.3341
6.18 0.3325
6.19 0.3310
6.20 0.3294
6.21 0.3278
6.22 0.3262
6.23 0.3246
6.24 0.3229
6.25 0.3213
6.26 0.3196
6.27 0.3179
6.28 0.3162
6.29 0.3145
6.30 0.3128
6.31 0.3110
6.32 0.3092
6.33 0.3075
6.34 0.3057
6.35 0.3038
6.36 0.3020
6.37 0.3002
6.38 0.2983
6.39 0.2964
6.40 0.2945
6.41 0.2926
6.42 0.2907
6.43 0.2888
6.44 0.2868
6.45 0.2848
6.46 0.2829
6.47 0.2809
6.48 0.2789
6.49 0.2768
6.50 0.2748
6.51 0.2727
6.52 0.2707
6.53 0.2686
6.54 0.2665
6.55 0.2644
6.56 0.2623
6.57 0.2601
6.58 0.2580
6.59 0.2558
6.60 0.2537
6.61 0.2515
6.62 0.2493
6.63 0.2471
6.64 0.2449
6.65 0.2426
6.66 0.2404
6.67 0.2381
6.68 0.2358
6.69 0.2336
6.70 0.2313
6.71 0.2290
6.72 0.2266
6.73 0.2243
6.74 0.2220
6.75 0.2196
6.76 0.2173
6.77 0.2149
6.78 0.2125
6.79 0.2101
6.80 0.2077
6.81 0.2053
6.82 0.2029
6.83 0.2005
6.84 0.1980
6.85 0.1956
6.86 0.1931
6.87 0.1906
6.88 0.1882
6.89 0.1857
6.90 0.1832
6.91 0.1807
6.92 0.1782
6.93 0.1756
6.94 0.1731
6.95 0.1706
6.96 0.1680
6.97 0.1655
6.98 0.1629
6.99 0.1604
7.00 0.1578
7.01 0.1552
7.02 0.1526
7.03 0.1500
7.04 0.1474
7.05 0.1448
7.06 0.1422
7.07 0.1396
7.08 0.1370
7.09 0.1343
7.10 0.1317
7.11 0.1290
7.12 0.1264
7.13 0.1237
7.14 0.1211
7.15 0.1184
7.16 0.1158
7.17 0.1131
7.18 0.1104
7.19 0.1077
7.20 0.1051
7.21 0.1024
7.22 0.0997
7.23 0.0970
7.24 0.0943
7.25 0.0916
7.26 0.0889
7.27 0.0862
7.28 0.0835
7.29 0.0808
7.30 0.0781
7.31 0.0754
7.32 0.0727
7.33 0.0700
7.34 0.0672
7.35 0.0645
7.36 0.0618
7.37 0.0591
7.38 0.0564
7.39 0.0537
7.40 0.0509
7.41 0.0482
7.42 0.0455
7.43 0.0428
7.44 0.0401
7.45 0.0374
7.46 0.0346
7.47 0.0319
7.48 0.0292
7.49 0.0265
7.50 0.0238
7.51 0.0211
7.52 0.0184
7.53 0.0157
7.54 0.0130
7.55 0.0103
7.56 0.0076
7.57 0.0049
7.58 0.0022
7.59 -0.0005
7.60 -0.0031
7.61 -0.0058
7.62 -0.0085
7.63 -0.0112
7.64 -0.0138
7.65 -0.0165
7.66 -0.0191
7.67 -0.0218
7.68 -0.0244
7.69 -0.0271
7.70 -0.0297
7.71 -0.0324
7.72 -0.0350
7.73 -0.0376
7.74 -0.0402
7.75 -0.0428
7.76 -0.0454
7.77 -0.0480
7.78 -0.0506
7.79 -0.0532
7.80 -0.0557
7.81 -0.0583
7.82 -0.0609
7.83 -0.0634
7.84 -0.0659
7.85 -0.0685
7.86 -0.0710
7.87 -0.0735
7.88 -0.0760
7.89 -0.0785
7.90 -0.0810
7.91 -0.0835
7.92 -0.0860
7.93 -0.0884
7.94 -0.0909
7.95 -0.0933
7.96 -0.0958
7.97 -0.0982
7.98 -0.1006
7.99 -0.1030
8.00 -0.1054
8.01 -0.1078
8.02 -0.1101
8.03 -0.1125
8.04 -0.1148
8.05 -0.1172
8.06 -0.1195
8.07 -0.1218
8.08 -0.1241
8.09 -0.1264
8.10 -0.1287
8.11 -0.1309
8.12 -0.1332
8.13 -0.1354
8.14 -0.1376
8.15 -0.1398
8.16 -0.1420
8.17 -0.1442
8.18 -0.1464
8.19 -0.1485
8.20 -0.1507
8.21 -0.1528
8.22 -0.1549
8.23 -0.1570
8.24 -0.1591
8.25 -0.1612
8.26 -0.1632
8.27 -0.1653
8.28 -0.1673
8.29 -0.1693
8.30 -0.1713
8.31 -0.1733
8.32 -0.1752
8.33 -0.1772
8.34 -0.1791
8.35 -0.1810
8.36 -0.1829
8.37 -0.1848
8.38 -0.1867
8.39 -0.1885
8.40 -0.1903
8.41 -0.1922
8.42 -0.1940
8.43 -0.1957
8.44 -0.1975
8.45 -0.1992
8.46 -0.2010
8.47 -0.2027
8.48 -0.2044
8.49 -0.2061
8.50 -0.2077
8.51 -0.2094
8.52 -0.2110
8.53 -0.2126
8.54 -0.2142
8.55 -0.2157
8.56 -0.2173
8.57 -0.2188
8.58 -0.2203
8.59 -0.2218
8.60 -0.2233
8.61 -0.2247
8.62 -0.2262
8.63 -0.2276
8.64 -0.2290
8.65 -0.2303
8.66 -0.2317
8.67 -0.2330
8.68 -0.2344
8.69 -0.2356
8.70 -0.2369
8.71 -0.2382
8.72 -0.2394
8.73 -0.2406
8.74 -0.2418
8.75 -0.2430
8.76 -0.2441
8.77 -0.2453
8.78 -0.2464
8.79 -0.2475
8.80 -0.2486
8.81 -0.2496
8.82 -0.2506
8.83 -0.2516
8.84 -0.2526
8.85 -0.2536
8.86 -0.2545
8.87 -0.2555
8.88 -0.2564
8.89 -0.2572
8.90 -0.2581
8.91 -0.2589
8.92 -0.2597
8.93 -0.2605
8.94 -0.2613
8.95 -0.2621
8.96 -0.2628
8.97 -0.2635
8.98 -0.2642
8.99 -0.2648
9.00 -0.2655
9.01 -0.2661
9.02 -0.2667
9.03 -0.2673
9.04 -0.2678
9.05 -0.2683
9.06 -0.2689
9.07 -0.2693
9.08 -0.2698
9.09 -0.2702
9.10 -0.2707
9.11 -0.2711
9.12 -0.2714
9.13 -0.2718
9.14 -0.2721
9.15 -0.2724
9.16 -0.2727
9.17 -0.2730
9.18 -0.2732
9.19 -0.2734
9.20 -0.2736
9.21 -0.2738
9.22 -0.2739
9.23 -0.2741
9.24 -0.2742
9.25 -0.2743
9.26 -0.2743
9.27 -0.2744
9.28 -0.2744
9.29 -0.2744
9.30 -0.2743
9.31 -0.2743
9.32 -0.2742
9.33 -0.2741
9.34 -0.2740
9.35 -0.2739
9.36 -0.2737
9.37 -0.2735
9.38 -0.2733
9.39 -0.2731
9.40 -0.2728
9.41 -0.2726
9.42 -0.2723
9.43 -0.2720
9.44 -0.2716
9.45 -0.2713
9.46 -0.2709
9.47 -0.2705
9.48 -0.2700
9.49 -0.2696
9.50 -0.2691
9.51 -0.2686
9.52 -0.2681
9.53 -0.2676
9.54 -0.2670
9.55 -0.2665
9.56 -0.2659
9.57 -0.2652
9.58 -0.2646
9.59 -0.2639
9.60 -0.2633
9.61 -0.2625
9.62 -0.2618
9.63 -0.2611
9.64 -0.2603
9.65 -0.2595
9.66 -0.2587
9.67 -0.2579
9.68 -0.2570
9.69 -0.2562
9.70 -0.2553
9.71 -0.2544
9.72 -0.2534
9.73 -0.2525
9.74 -0.2515
9.75 -0.2505
9.76 -0.2495
9.77 -0.2485
9.78 -0.2474
9.79 -0.2464
9.80 -0.2453
9.81 -0.2442
9.82 -0.2430
9.83 -0.2419
9.84 -0.2407
9.85 -0.2395
9.86 -0.2383
9.87 -0.2371
9.88 -0.2359
9.89 -0.2346
9.90 -0.2333
9.91 -0.2320
9.92 -0.2307
9.93 -0.2294
9.94 -0.2280
9.95 -0.2267
9.96 -0.2253
9.97 -0.2239
9.98 -0.2225
9.99 -0.2210
10.00 -0.2196
10.01 -0.2181
10.02 -0.2166
10.03 -0.2151
10.04 -0.2136
10.05 -0.2121
10.06 -0.2105
10.07 -0.2089
10.08 -0.2074
10.09 -0.2057
10.10 -0.2041
10.11 -0.2025
10.12 -0.2008
10.13 -0.1992
10.14 -0.1975
10.15 -0.1958
10.16 -0.1941
10.17 -0.1924
10.18 -0.1906
10.19 -0.1889
10.20 -0.1871
10.21 -0.1853
10.22 -0.1835
10.23 -0.1817
10.24 -0.1799
10.25 -0.1781
10.26 -0.1762
10.27 -0.1744
10.28 -0.1725
10.29 -0.1706
10.30 -0.1687
10.31 -0.1668
10.32 -0.1649
10.33 -0.1629
10.34 -0.1610
10.35 -0.1590
10.36 -0.1570
10.37 -0.1551
10.38 -0.1531
10.39 -0.1511
10.40 -0.1490
10.41 -0.1470
10.42 -0.1450
10.43 -0.1429
10.44 -0.1409
10.45 -0.1388
10.46 -0.1367
10.47 -0.1346
10.48 -0.1325
10.49 -0.1304
10.50 -0.1283
10.51 -0.1262
10.52 -0.1240
10.53 -0.1219
10.54 -0.1197
10.55 -0.1176
10.56 -0.1154
10.57 -0.1132
10.58 -0.1111
10.59 -0.1089
10.60 -0.1067
10.61 -0.1045
10.62 -0.1022
10.63 -0.1000
10.64 -0.0978
10.65 -0.0956
10.66 -0.0933
10.67 -0.0911
10.68 -0.0888
10.69 -0.0866
10.70 -0.0843
10.71 -0.0821
10.72 -0.0798
10.73 -0.0775
10.74 -0.0752
10.75 -0.0729
10.76 -0.0707
10.77 -0.0684
10.78 -0.0661
10.79 -0.0638
10.80 -0.0615
10.81 -0.0592
10.82 -0.0568
10.83 -0.0545
10.84 -0.0522
10.85 -0.0499
10.86 -0.0476
10.87 -0.0453
10.88 -0.0429
10.89 -0.0406
10.90 -0.0383
10.91 -0.0360
10.92 -0.0336
10.93 -0.0313
10.94 -0.0290
10.95 -0.0267
10.96 -0.0243
10.97 -0.0220
10.98 -0.0197
10.99 -0.0173
11.00 -0.0150
11.01 -0.0127
11.02 -0.0103
11.03 -0.0080
11.04 -0.0057
11.05 -0.0034
11.06 -0.0011
11.07 0.0013
11.08 0.0036
11.09 0.0059
11.10 0.0082
11.11 0.0105
11.12 0.0128
11.13 0.0151
11.14 0.0174
11.15 0.0197
11.16 0.0220
11.17 0.0243
11.18 0.0266
11.19 0.0289
11.20 0.0311
11.21 0.0334
11.22 0.0357
11.23 0.0379
11.24 0.0402
11.25 0.0424
11.26 0.0447
11.27 0.0469
11.28 0.0491
11.29 0.0514
11.30 0.0536
11.31 0.0558
11.32 0.0580
11.33 0.0602
11.34 0.0624
11.35 0.0646
11.36 0.0668
11.37 0.0689
11.38 0.0711
11.39 0.0732
11.40 0.0754
11.41 0.0775
11.42 0.0796
11.43 0.0818
11.44 0.0839
11.45 0.0860
11.46 0.0881
11.47 0.0901
11.48 0.0922
11.49 0.0943
11.50 0.0963
11.51 0.0984
11.52 0.1004
11.53 0.1024
11.54 0.1044
11.55 0.1064
11.56 0.1084
11.57 0.1104
11.58 0.1123
11.59 0.1143
11.60 0.1162
11.61 0.1182
11.62 0.1201
11.63 0.1220
11.64 0.1239
11.65 0.1258
11.66 0.1276
11.67 0.1295
11.68 0.1313
11.69 0.1332
11.70 0.1350
11.71 0.1368
11.72 0.1386
11.73 0.1403
11.74 0.1421
11.75 0.1438
11.76 0.1456
11.77 0.1473
11.78 0.1490
11.79 0.1507
11.80 0.1524
11.81 0.1540
11.82 0.1557
11.83 0.1573
11.84 0.1589
11.85 0.1605
11.86 0.1621
11.87 0.1636
11.88 0.1652
11.89 0.1667
11.90 0.1682
11.91 0.1697
11.92 0.1712
11.93 0.1727
11.94 0.1742
11.95 0.1756
11.96 0.1770
11.97 0.1784
11.98 0.1798
11.99 0.1812
12.00 0.1825
12.01 0.1839
12.02 0.1852
12.03 0.1865
12.04 0.1878
12.05 0.1890
12.06 0.1903
12.07 0.1915
12.08 0.1927
12.09 0.1939
12.10 0.1951
12.11 0.1962
12.12 0.1974
12.13 0.1985
12.14 0.1996
12.15 0.2007
12.16 0.2017
12.17 0.2028
12.18 0.2038
12.19 0.2048
12.20 0.2058
12.21 0.2067
12.22 0.2077
12.23 0.2086
12.24 0.2095
12.25 0.2104
12.26 0.2113
12.27 0.2121
12.28 0.2130
12.29 0.2138
12.30 0.2146
12.31 0.2153
12.32 0.2161
12.33 0.2168
12.34 0.2175
12.35 0.2182
12.36 0.2189
12.37 0.2196
12.38 0.2202
12.39 0.2208
12.40 0.2214
12.41 0.2220
12.42 0.2225
12.43 0.2230
12.44 0.2235
12.45 0.2240
12.46 0.2245
12.47 0.2250
12.48 0.2254
12.49 0.2258
12.50 0.2262
12.51 0.2265
12.52 0.2269
12.53 0.2272
12.54 0.2275
12.55 0.2278
12.56 0.2281
12.57 0.2283
12.58 0.2285
12.59 0.2287
12.60 0.2289
12.61 0.2291
12.62 0.2292
12.63 0.2293
12.64 0.2294
12.65 0.2295
12.66 0.2295
12.67 0.2296
12.68 0.2296
12.69 0.2296
12.70 0.2296
12.71 0.2295
12.72 0.2294
12.73 0.2293
12.74 0.2292
12.75 0.2291
12.76 0.2290
12.77 0.2288
12.78 0.2286
12.79 0.2284
12.80 0.2281
12.81 0.2279
12.82 0.2276
12.83 0.2273
12.84 0.2270
12.85 0.2267
12.86 0.2263
12.87 0.2259
12.88 0.2256
12.89 0.2251
12.90 0.2247
12.91 0.2242
12.92 0.2238
12.93 0.2233
12.94 0.2228
12.95 0.2222
12.96 0.2217
12.97 0.2211
12.98 0.2205
12.99 0.2199
13.00 0.2193
13.01 0.2186
13.02 0.2179
13.03 0.2173
13.04 0.2165
13.05 0.2158
13.06 0.2151
13.07 0.2143
13.08 0.2135
13.09 0.2127
13.10 0.2119
13.11 0.2110
13.12 0.2102
13.13 0.2093
13.14 0.2084
13.15 0.2075
13.16 0.2066
13.17 0.2056
13.18 0.2046
13.19 0.2037
13.20 0.2027
13.21 0.2016
13.22 0.2006
13.23 0.1995
13.24 0.1985
13.25 0.1974
13.26 0.1963
13.27 0.1951
13.28 0.1940
13.29 0.1928
13.30 0.1917
13.31 0.1905
13.32 0.1893
13.33 0.1880
13.34 0.1868
13.35 0.1855
13.36 0.1843
13.37 0.1830
13.38 0.1817
13.39 0.1804
13.40 0.1790
13.41 0.1777
13.42 0.1763
13.43 0.1749
13.44 0.1735
13.45 0.1721
13.46 0.1707
13.47 0.1692
13.48 0.1678
13.49 0.1663
13.50 0.1648
13.51 0.1633
13.52 0.1618
13.53 0.1603
13.54 0.1588
13.55 0.1572
13.56 0.1557
13.57 0.1541
13.58 0.1525
13.59 0.1509
13.60 0.1493
13.61 0.1476
13.62 0.1460
13.63 0.1444
13.64 0.1427
13.65 0.1410
13.66 0.1393
13.67 0.1376
13.68 0.1359
13.69 0.1342
13.70 0.1325
13.71 0.1307
13.72 0.1290
13.73 0.1272
13.74 0.1254
13.75 0.1236
13.76 0.1218
13.77 0.1200
13.78 0.1182
13.79 0.1164
13.80 0.1146
13.81 0.1127
13.82 0.1109
13.83 0.1090
13.84 0.1071
13.85 0.1053
13.86 0.1034
13.87 0.1015
13.88 0.0996
13.89 0.0977
13.90 0.0958
13.91 0.0938
13.92 0.0919
13.93 0.0900
13.94 0.0880
13.95 0.0861
13.96 0.0841
13.97 0.0821
13.98 0.0802
13.99 0.0782
14.00 0.0762
14.01 0.0742
14.02 0.0722
14.03 0.0702
14.04 0.0682
14.05 0.0662
14.06 0.0642
14.07 0.0622
14.08 0.0601
14.09 0.0581
14.10 0.0561
14.11 0.0541
14.12 0.0520
14.13 0.0500
14.14 0.0479
14.15 0.0459
14.16 0.0438
14.17 0.0418
14.18 0.0397
14.19 0.0377
14.20 0.0356
14.21 0.0335
14.22 0.0315
14.23 0.0294
14.24 0.0274
14.25 0.0253
14.26 0.0232
14.27 0.0212
14.28 0.0191
14.29 0.0170
14.30 0.0149
14.31 0.0129
14.32 0.0108
14.33 0.0087
14.34 0.0067
14.35 0.0046
14.36 0.0025
14.37 0.0005
14.38 -0.0016
14.39 -0.0036
14.40 -0.0057
14.41 -0.0078
14.42 -0.0098
14.43 -0.0119
14.44 -0.0139
14.45 -0.0160
14.46 -0.0180
14.47 -0.0201
14.48 -0.0221
14.49 -0.0241
14.50 -0.0262
14.51 -0.0282
14.52 -0.0302
14.53 -0.0322
14.54 -0.0343
14.55 -0.0363
14.56 -0.0383
14.57 -0.0403
14.58 -0.0423
14.59 -0.0443
14.60 -0.0463
14.61 -0.0482
14.62 -0.0502
14.63 -0.0522
14.64 -0.0541
14.65 -0.0561
14.66 -0.0580
14.67 -0.0600
14.68 -0.0619
14.69 -0.0638
14.70 -0.0658
14.71 -0.0677
14.72 -0.0696
14.73 -0.0715
14.74 -0.0734
14.75 -0.0753
14.76 -0.0771
14.77 -0.0790
14.78 -0.0809
14.79 -0.0827
14.80 -0.0845
14.81 -0.0864
14.82 -0.0882
14.83 -0.0900
14.84 -0.0918
14.85 -0.0936
14.86 -0.0954
14.87 -0.0972
14.88 -0.0989
14.89 -0.1007
14.90 -0.1024
14.91 -0.1041
14.92 -0.1059
14.93 -0.1076
14.94 -0.1093
14.95 -0.1110
14.96 -0.1126
14.97 -0.1143
14.98 -0.1160
14.99 -0.1176
