0.00 0.0000
0.01 -0.0000
0.02 0.0000
0.03 -0.0000
0.04 0.0000
0.05 0.0000
0.06 -0.0000
0.07 -0.0000
0.08 0.0000
0.09 -0.0000
0.10 0.0000
0.11 -0.0000
0.12 -0.0000
0.13 -0.0000
0.14 -0.0000
0.15 0.0000
0.16 0.0000
0.17 0.0000
0.18 -0.0000
0.19 0.0000
0.20 -0.0000
0.21 -0.0000
0.22 0.0000
0.23 -0.0000
0.24 -0.0000
0.25 -0.0000
0.26 -0.0000
0.27 -0.0000
0.28 0.0000
0.29 0.0000
0.30 -0.0000
0.31 -0.0000
0.32 0.0000
0.33 -0.0000
0.34 0.0000
0.35 0.0000
0.36 0.0000
0.37 -0.0000
0.38 -0.0000
0.39 0.0000
0.40 0.0000
0.41 0.0000
0.42 0.0000
0.43 0.0000
0.44 0.0000
0.45 0.0000
0.46 0.0000
0.47 0.0000
0.48 0.0000
0.49 0.0000
0.50 0.0000
0.51 0.0000
0.52 0.0000
0.53 0.0000
0.54 0.0000
0.55 0.0000
0.56 0.0000
0.57 0.0000
0.58 0.0000
0.59 0.0000
0.60 0.0000
0.61 0.0000
0.62 0.0000
0.63 0.0000
0.64 0.0000
0.65 0.0000
0.66 0.0000
0.67 0.0000
0.68 0.0000
0.69 0.0000
0.70 0.0000
0.71 0.0000
0.72 0.0000
0.73 0.0000
0.74 0.0000
0.75 0.0000
0.76 0.0000
0.77 0.0000
0.78 0.0000
0.79 0.0000
0.80 0.0000
0.81 0.0000
0.82 0.0000
0.83 0.0000
0.84 0.0000
0.85 0.0000
0.86 0.0000
0.87 0.0000
0.88 0.0000
0.89 0.0000
0.90 0.0000
0.91 0.0000
0.92 0.0000
0.93 0.0000
0.94 0.0000
0.95 0.0000
0.96 0.0000
0.97 0.0000
0.98 0.0000
0.99 0.0000
1.00 0.0000
1.01 0.0000
1.02 0.0000
1.03 0.0000
1.04 0.0000
1.05 0.0000
1.06 0.0000
1.07 0.0000
1.08 0.0000
1.09 0.0000
1.10 0.0000
1.11 0.0000
1.12 0.0000
1.13 0.0000
1.14 0.0000
1.15 0.0000
1.16 0.0001
1.17 0.0001
1.18 0.0001
1.19 0.0001
1.20 0.0001
1.21 0.0001
1.22 0.0001
1.23 0.0001
1.24 0.0001
1.25 0.0001
1.26 0.0001
1.27 0.0001
1.28 0.0001
1.29 0.0001
1.30 0.0001
1.31 0.0001
1.32 0.0001
1.33 0.0001
1.34 0.0001
1.35 0.0001
1.36 0.0001
1.37 0.0001
1.38 0.0001
1.39 0.0001
1.40 0.0002
1.41 0.0002
1.42 0.0002
1.43 0.0002
1.44 0.0002
1.45 0.0002
1.46 0.0002
1.47 0.0002
1.48 0.0002
1.49 0.0002
1.50 0.0002
1.51 0.0002
1.52 0.0002
1.53 0.0003
1.54 0.0003
1.55 0.0003
1.56 0.0003
1.57 0.0003
1.58 0.0003
1.59 0.0003
1.60 0.0003
1.61 0.0003
1.62 0.0004
1.63 0.0004
1.64 0.0004
1.65 0.0004
1.66 0.0004
1.67 0.0004
1.68 0.0004
1.69 0.0005
1.70 0.0005
1.71 0.0005
1.72 0.0005
1.73 0.0005
1.74 0.0005
1.75 0.0006
1.76 0.0006
1.77 0.0006
1.78 0.0006
1.79 0.0006
1.80 0.0007
1.81 0.0007
1.82 0.0007
1.83 0.0007
1.84 0.0007
1.85 0.0008
1.86 0.0008
1.87 0.0008
1.88 0.0008
1.89 0.0009
1.90 0.0009
1.91 0.0009
1.92 0.0010
1.93 0.0010
1.94 0.0010
1.95 0.0010
1.96 0.0011
1.97 0.0011
1.98 0.0011
1.99 0.0012
2.00 0.0012
2.01 0.0012
2.02 0.0013
2.03 0.0013
2.04 0.0013
2.05 0.0014
2.06 0.0014
2.07 0.0015
2.08 0.0015
2.09 0.0015
2.10 0.0016
2.11 0.0016
2.12 0.0017
2.13 0.0017
2.14 0.0018
2.15 0.0018
2.16 0.0019
2.17 0.0019
2.18 0.0020
2.19 0.0020
2.20 0.0021
2.21 0.0021
2.22 0.0022
2.23 0.0022
2.24 0.0023
2.25 0.0023
2.26 0.0024
2.27 0.0025
2.28 0.0025
2.29 0.0026
2.30 0.0027
2.31 0.0027
2.32 0.0028
2.33 0.0029
2.34 0.0029
2.35 0.0030
2.36 0.0031
2.37 0.0031
2.38 0.0032
2.39 0.0033
2.40 0.0034
2.41 0.0034
2.42 0.0035
2.43 0.0036
2.44 0.0037
2.45 0.0038
2.46 0.0039
2.47 0.0040
2.48 0.0040
2.49 0.0041
2.50 0.0042
2.51 0.0043
2.52 0.0044
2.53 0.0045
2.54 0.0046
2.55 0.0047
2.56 0.0048
2.57 0.0049
2.58 0.0050
2.59 0.0051
2.60 0.0052
2.61 0.0054
2.62 0.0055
2.63 0.0056
2.64 0.0057
2.65 0.0058
2.66 0.0059
2.67 0.0061
2.68 0.0062
2.69 0.0063
2.70 0.0065
2.71 0.0066
2.72 0.0067
2.73 0.0069
2.74 0.0070
2.75 0.0071
2.76 0.0073
2.77 0.0074
2.78 0.0076
2.79 0.0077
2.80 0.0079
2.81 0.0080
2.82 0.0082
2.83 0.0083
2.84 0.0085
2.85 0.0087
2.86 0.0088
2.87 0.0090
2.88 0.0092
2.89 0.0093
2.90 0.0095
2.91 0.0097
2.92 0.0099
2.93 0.0100
2.94 0.0102
2.95 0.0104
2.96 0.0106
2.97 0.0108
2.98 0.0110
2.99 0.0112
3.00 0.0114
3.01 0.0116
3.02 0.0118
3.03 0.0120
3.04 0.0122
3.05 0.0124
3.06 0.0127
3.07 0.0129
3.08 0.0131
3.09 0.0133
3.10 0.0136
3.11 0.0138
3.12 0.0140
3.13 0.0143
3.14 0.0145
3.15 0.0148
3.16 0.0150
3.17 0.0153
3.18 0.0155
3.19 0.0158
3.20 0.0160
3.21 0.0163
3.22 0.0166
3.23 0.0168
3.24 0.0171
3.25 0.0174
3.26 0.0177
3.27 0.0179
3.28 0.0182
3.29 0.0185
3.30 0.0188
3.31 0.0191
3.32 0.0194
3.33 0.0197
3.34 0.0200
3.35 0.0203
3.36 0.0206
3.37 0.0210
3.38 0.0213
3.39 0.0216
3.40 0.0219
3.41 0.0223
3.42 0.0226
3.43 0.0229
3.44 0.0233
3.45 0.0236
3.46 0.0240
3.47 0.0243
3.48 0.0247
3.49 0.0251
3.50 0.0254
3.51 0.0258
3.52 0.0262
3.53 0.0266
3.54 0.0269
3.55 0.0273
3.56 0.0277
3.57 0.0281
3.58 0.0285
3.59 0.0289
3.60 0.0293
3.61 0.0297
3.62 0.0301
3.63 0.0306
3.64 0.0310
3.65 0.0314
3.66 0.0318
3.67 0.0323
3.68 0.0327
3.69 0.0332
3.70 0.0336
3.71 0.0341
3.72 0.0345
3.73 0.0350
3.74 0.0354
3.75 0.0359
3.76 0.0364
3.77 0.0369
3.78 0.0373
3.79 0.0378
3.80 0.0383
3.81 0.0388
3.82 0.0393
3.83 0.0398
3.84 0.0403
3.85 0.0408
3.86 0.0414
3.87 0.0419
3.88 0.0424
3.89 0.0429
3.90 0.0435
3.91 0.0440
3.92 0.0446
3.93 0.0451
3.94 0.0457
3.95 0.0462
3.96 0.0468
3.97 0.0474
3.98 0.0479
3.99 0.0485
4.00 0.0491
4.01 0.0497
4.02 0.0503
4.03 0.0509
4.04 0.0515
4.05 0.0521
4.06 0.0527
4.07 0.0533
4.08 0.0539
4.09 0.0545
4.10 0.0552
4.11 0.0558
4.12 0.0564
4.13 0.0571
4.14 0.0577
4.15 0.0584
4.16 0.0590
4.17 0.0597
4.18 0.0604
4.19 0.0610
4.20 0.0617
4.21 0.0624
4.22 0.0631
4.23 0.0638
4.24 0.0645
4.25 0.0652
4.26 0.0659
4.27 0.0666
4.28 0.0673
4.29 0.0680
4.30 0.0688
4.31 0.0695
4.32 0.0702
4.33 0.0710
4.34 0.0717
4.35 0.0725
4.36 0.0732
4.37 0.0740
4.38 0.0747
4.39 0.0755
4.40 0.0763
4.41 0.0771
4.42 0.0778
4.43 0.0786
4.44 0.0794
4.45 0.0802
4.46 0.0810
4.47 0.0818
4.48 0.0826
4.49 0.0835
4.50 0.0843
4.51 0.0851
4.52 0.0859
4.53 0.0868
4.54 0.0876
4.55 0.0885
4.56 0.0893
4.57 0.0902
4.58 0.0910
4.59 0.0919
4.60 0.0927
4.61 0.0936
4.62 0.0945
4.63 0.0954
4.64 0.0963
4.65 0.0972
4.66 0.0980
4.67 0.0990
4.68 0.0999
4.69 0.1008
4.70 0.1017
4.71 0.1026
4.72 0.1035
4.73 0.1044
4.74 0.1054
4.75 0.1063
4.76 0.1072
4.77 0.1082
4.78 0.1091
4.79 0.1101
4.80 0.1111
4.81 0.1120
4.82 0.1130
4.83 0.1139
4.84 0.1149
4.85 0.1159
4.86 0.1169
4.87 0.1179
4.88 0.1189
4.89 0.1199
4.90 0.1209
4.91 0.1219
4.92 0.1229
4.93 0.1239
4.94 0.1249
4.95 0.1259
4.96 0.1269
4.97 0.1280
4.98 0.1290
4.99 0.1300
5.00 0.1311
5.01 0.1321
5.02 0.1331
5.03 0.1342
5.04 0.1352
5.05 0.1363
5.06 0.1373
5.07 0.1384
5.08 0.1395
5.09 0.1405
5.10 0.1416
5.11 0.1427
5.12 0.1438
5.13 0.1449
5.14 0.1459
5.15 0.1470
5.16 0.1481
5.17 0.1492
5.18 0.1503
5.19 0.1514
5.20 0.1525
5.21 0.1536
5.22 0.1547
5.23 0.1558
5.24 0.1570
5.25 0.1581
5.26 0.1592
5.27 0.1603
5.28 0.1615
5.29 0.1626
5.30 0.1637
5.31 0.1648
5.32 0.1660
5.33 0.1671
5.34 0.1683
5.35 0.1694
5.36 0.1705
5.37 0.1717
5.38 0.1728
5.39 0.1740
5.40 0.1752
5.41 0.1763
5.42 0.1775
5.43 0.1786
5.44 0.1798
5.45 0.1809
5.46 0.1821
5.47 0.1833
5.48 0.1844
5.49 0.1856
5.50 0.1868
5.51 0.1880
5.52 0.1891
5.53 0.1903
5.54 0.1915
5.55 0.1927
5.56 0.1938
5.57 0.1950
5.58 0.1962
5.59 0.1974
5.60 0.1986
5.61 0.1997
5.62 0.2009
5.63 0.2021
5.64 0.2033
5.65 0.2045
5.66 0.2057
5.67 0.2069
5.68 0.2080
5.69 0.2092
5.70 0.2104
5.71 0.2116
5.72 0.2128
5.73 0.2140
5.74 0.2152
5.75 0.2164
5.76 0.2176
5.77 0.2187
5.78 0.2199
5.79 0.2211
5.80 0.2223
5.81 0.2235
5.82 0.2247
5.83 0.2259
5.84 0.2270
5.85 0.2282
5.86 0.2294
5.87 0.2306
5.88 0.2318
5.89 0.2330
5.90 0.2341
5.91 0.2353
5.92 0.2365
5.93 0.2377
5.94 0.2388
5.95 0.2400
5.96 0.2412
5.97 0.2423
5.98 0.2435
5.99 0.2447
6.00 0.2458
6.01 0.2470
6.02 0.2482
6.03 0.2493
6.04 0.2505
6.05 0.2516
6.06 0.2528
6.07 0.2539
6.08 0.2551
6.09 0.2562
6.10 0.2574
6.11 0.2585
6.12 0.2596
6.13 0.2608
6.14 0.2619
6.15 0.2630
6.16 0.2641
6.17 0.2653
6.18 0.2664
6.19 0.2675
6.20 0.2686
6.21 0.2697
6.22 0.2708
6.23 0.2719
6.24 0.2730
6.25 0.2741
6.26 0.2752
6.27 0.2763
6.28 0.2774
6.29 0.2784
6.30 0.2795
6.31 0.2806
6.32 0.2816
6.33 0.2827
6.34 0.2837
6.35 0.2848
6.36 0.2858
6.37 0.2869
6.38 0.2879
6.39 0.2889
6.40 0.2900
6.41 0.2910
6.42 0.2920
6.43 0.2930
6.44 0.2940
6.45 0.2950
6.46 0.2960
6.47 0.2970
6.48 0.2980
6.49 0.2989
6.50 0.2999
6.51 0.3009
6.52 0.3018
6.53 0.3028
6.54 0.3037
6.55 0.3047
6.56 0.3056
6.57 0.3065
6.58 0.3075
6.59 0.3084
6.60 0.3093
6.61 0.3102
6.62 0.3111
6.63 0.3120
6.64 0.3128
6.65 0.3137
6.66 0.3146
6.67 0.3154
6.68 0.3163
6.69 0.3171
6.70 0.3180
6.71 0.3188
6.72 0.3196
6.73 0.3204
6.74 0.3212
6.75 0.3220
6.76 0.3228
6.77 0.3236
6.78 0.3244
6.79 0.3251
6.80 0.3259
6.81 0.3267
6.82 0.3274
6.83 0.3281
6.84 0.3288
6.85 0.3296
6.86 0.3303
6.87 0.3310
6.88 0.3317
6.89 0.3323
6.90 0.3330
6.91 0.3337
6.92 0.3343
6.93 0.3350
6.94 0.3356
6.95 0.3362
6.96 0.3368
6.97 0.3374
6.98 0.3380
6.99 0.3386
7.00 0.3392
7.01 0.3398
7.02 0.3403
7.03 0.3409
7.04 0.3414
7.05 0.3419
7.06 0.3425
7.07 0.3430
7.08 0.3435
7.09 0.3439
7.10 0.3444
7.11 0.3449
7.12 0.3453
7.13 0.3458
7.14 0.3462
7.15 0.3466
7.16 0.3470
7.17 0.3474
7.18 0.3478
7.19 0.3482
7.20 0.3486
7.21 0.3489
7.22 0.3493
7.23 0.3496
7.24 0.3499
7.25 0.3502
7.26 0.3505
7.27 0.3508
7.28 0.3511
7.29 0.3514
7.30 0.3516
7.31 0.3519
7.32 0.3521
7.33 0.3523
7.34 0.3525
7.35 0.3527
7.36 0.3529
7.37 0.3531
7.38 0.3532
7.39 0.3534
7.40 0.3535
7.41 0.3536
7.42 0.3537
7.43 0.3538
7.44 0.3539
7.45 0.3540
7.46 0.3540
7.47 0.3541
7.48 0.3541
7.49 0.3541
7.50 0.3541
7.51 0.3541
7.52 0.3541
7.53 0.3541
7.54 0.3540
7.55 0.3540
7.56 0.3539
7.57 0.3538
7.58 0.3537
7.59 0.3536
7.60 0.3535
7.61 0.3534
7.62 0.3532
7.63 0.3531
7.64 0.3529
7.65 0.3527
7.66 0.3525
7.67 0.3523
7.68 0.3521
7.69 0.3518
7.70 0.3516
7.71 0.3513
7.72 0.3510
7.73 0.3507
7.74 0.3504
7.75 0.3501
7.76 0.3498
7.77 0.3494
7.78 0.3490
7.79 0.3487
7.80 0.3483
7.81 0.3479
7.82 0.3475
7.83 0.3470
7.84 0.3466
7.85 0.3461
7.86 0.3456
7.87 0.3452
7.88 0.3447
7.89 0.3441
7.90 0.3436
7.91 0.3431
7.92 0.3425
7.93 0.3419
7.94 0.3414
7.95 0.3408
7.96 0.3402
7.97 0.3395
7.98 0.3389
7.99 0.3382
8.00 0.3376
8.01 0.3369
8.02 0.3362
8.03 0.3355
8.04 0.3348
8.05 0.3340
8.06 0.3333
8.07 0.3325
8.08 0.3317
8.09 0.3309
8.10 0.3301
8.11 0.3293
8.12 0.3285
8.13 0.3276
8.14 0.3268
8.15 0.3259
8.16 0.3250
8.17 0.3241
8.18 0.3232
8.19 0.3222
8.20 0.3213
8.21 0.3203
8.22 0.3194
8.23 0.3184
8.24 0.3174
8.25 0.3164
8.26 0.3153
8.27 0.3143
8.28 0.3133
8.29 0.3122
8.30 0.3111
8.31 0.3100
8.32 0.3089
8.33 0.3078
8.34 0.3066
8.35 0.3055
8.36 0.3043
8.37 0.3032
8.38 0.3020
8.39 0.3008
8.40 0.2995
8.41 0.2983
8.42 0.2971
8.43 0.2958
8.44 0.2945
8.45 0.2933
8.46 0.2920
8.47 0.2907
8.48 0.2893
8.49 0.2880
8.50 0.2867
8.51 0.2853
8.52 0.2839
8.53 0.2826
8.54 0.2812
8.55 0.2797
8.56 0.2783
8.57 0.2769
8.58 0.2754
8.59 0.2740
8.60 0.2725
8.61 0.2710
8.62 0.2695
8.63 0.2680
8.64 0.2665
8.65 0.2650
8.66 0.2634
8.67 0.2619
8.68 0.2603
8.69 0.2587
8.70 0.2571
8.71 0.2555
8.72 0.2539
8.73 0.2523
8.74 0.2506
8.75 0.2490
8.76 0.2473
8.77 0.2457
8.78 0.2440
8.79 0.2423
8.80 0.2406
8.81 0.2389
8.82 0.2371
8.83 0.2354
8.84 0.2337
8.85 0.2319
8.86 0.2301
8.87 0.2283
8.88 0.2266
8.89 0.2248
8.90 0.2229
8.91 0.2211
8.92 0.2193
8.93 0.2175
8.94 0.2156
8.95 0.2137
8.96 0.2119
8.97 0.2100
8.98 0.2081
8.99 0.2062
9.00 0.2043
9.01 0.2024
9.02 0.2005
9.03 0.1985
9.04 0.1966
9.05 0.1946
9.06 0.1927
9.07 0.1907
9.08 0.1887
9.09 0.1867
9.10 0.1847
9.11 0.1827
9.12 0.1807
9.13 0.1787
9.14 0.1767
9.15 0.1746
9.16 0.1726
9.17 0.1705
9.18 0.1685
9.19 0.1664
9.20 0.1643
9.21 0.1622
9.22 0.1602
9.23 0.1581
9.24 0.1560
9.25 0.1539
9.26 0.1517
9.27 0.1496
9.28 0.1475
9.29 0.1454
9.30 0.1432
9.31 0.1411
9.32 0.1389
9.33 0.1368
9.34 0.1346
9.35 0.1324
9.36 0.1302
9.37 0.1281
9.38 0.1259
9.39 0.1237
9.40 0.1215
9.41 0.1193
9.42 0.1171
9.43 0.1149
9.44 0.1127
9.45 0.1104
9.46 0.1082
9.47 0.1060
9.48 0.1038
9.49 0.1015
9.50 0.0993
9.51 0.0970
9.52 0.0948
9.53 0.0926
9.54 0.0903
9.55 0.0880
9.56 0.0858
9.57 0.0835
9.58 0.0813
9.59 0.0790
9.60 0.0767
9.61 0.0745
9.62 0.0722
9.63 0.0699
9.64 0.0676
9.65 0.0653
9.66 0.0631
9.67 0.0608
9.68 0.0585
9.69 0.0562
9.70 0.0539
9.71 0.0516
9.72 0.0494
9.73 0.0471
9.74 0.0448
9.75 0.0425
9.76 0.0402
9.77 0.0379
9.78 0.0356
9.79 0.0333
9.80 0.0310
9.81 0.0287
9.82 0.0265
9.83 0.0242
9.84 0.0219
9.85 0.0196
9.86 0.0173
9.87 0.0150
9.88 0.0127
9.89 0.0105
9.90 0.0082
9.91 0.0059
9.92 0.0036
9.93 0.0014
9.94 -0.0009
9.95 -0.0032
9.96 -0.0054
9.97 -0.0077
9.98 -0.0100
9.99 -0.0122
10.00 -0.0145
10.01 -0.0167
10.02 -0.0190
10.03 -0.0212
10.04 -0.0235
10.05 -0.0257
10.06 -0.0279
10.07 -0.0302
10.08 -0.0324
10.09 -0.0346
10.10 -0.0368
10.11 -0.0391
10.12 -0.0413
10.13 -0.0435
10.14 -0.0457
10.15 -0.0479
10.16 -0.0500
10.17 -0.0522
10.18 -0.0544
10.19 -0.0566
10.20 -0.0587
10.21 -0.0609
10.22 -0.0631
10.23 -0.0652
10.24 -0.0673
10.25 -0.0695
10.26 -0.0716
10.27 -0.0737
10.28 -0.0758
10.29 -0.0779
10.30 -0.0800
10.31 -0.0821
10.32 -0.0842
10.33 -0.0863
10.34 -0.0884
10.35 -0.0904
10.36 -0.0925
10.37 -0.0945
10.38 -0.0966
10.39 -0.0986
10.40 -0.1006
10.41 -0.1026
10.42 -0.1046
10.43 -0.1066
10.44 -0.1086
10.45 -0.1106
10.46 -0.1126
10.47 -0.1145
10.48 -0.1165
10.49 -0.1184
10.50 -0.1203
10.51 -0.1222
10.52 -0.1241
10.53 -0.1260
10.54 -0.1279
10.55 -0.1298
10.56 -0.1317
10.57 -0.1335
10.58 -0.1354
10.59 -0.1372
10.60 -0.1390
10.61 -0.1408
10.62 -0.1426
10.63 -0.1444
10.64 -0.1462
10.65 -0.1480
10.66 -0.1497
10.67 -0.1515
10.68 -0.1532
10.69 -0.1549
10.70 -0.1566
10.71 -0.1583
10.72 -0.1600
10.73 -0.1617
10.74 -0.1633
10.75 -0.1650
10.76 -0.1666
10.77 -0.1682
10.78 -0.1698
10.79 -0.1714
10.80 -0.1730
10.81 -0.1746
10.82 -0.1761
10.83 -0.1777
10.84 -0.1792
10.85 -0.1807
10.86 -0.1822
10.87 -0.1837
10.88 -0.1851
10.89 -0.1866
10.90 -0.1880
10.91 -0.1894
10.92 -0.1909
10.93 -0.1923
10.94 -0.1936
10.95 -0.1950
10.96 -0.1963
10.97 -0.1977
10.98 -0.1990
10.99 -0.2003
11.00 -0.2016
11.01 -0.2029
11.02 -0.2041
11.03 -0.2054
11.04 -0.2066
11.05 -0.2078
11.06 -0.2090
11.07 -0.2102
11.08 -0.2114
11.09 -0.2125
11.10 -0.2137
11.11 -0.2148
11.12 -0.2159
11.13 -0.2170
11.14 -0.2180
11.15 -0.2191
11.16 -0.2201
11.17 -0.2211
11.18 -0.2221
11.19 -0.2231
11.20 -0.2241
11.21 -0.2250
11.22 -0.2260
11.23 -0.2269
11.24 -0.2278
11.25 -0.2287
11.26 -0.2296
11.27 -0.2304
11.28 -0.2312
11.29 -0.2320
11.30 -0.2328
11.31 -0.2336
11.32 -0.2344
11.33 -0.2351
11.34 -0.2359
11.35 -0.2366
11.36 -0.2373
11.37 -0.2379
11.38 -0.2386
11.39 -0.2392
11.40 -0.2399
11.41 -0.2405
11.42 -0.2411
11.43 -0.2416
11.44 -0.2422
11.45 -0.2427
11.46 -0.2432
11.47 -0.2437
11.48 -0.2442
11.49 -0.2446
11.50 -0.2451
11.51 -0.2455
11.52 -0.2459
11.53 -0.2463
11.54 -0.2467
11.55 -0.2470
11.56 -0.2474
11.57 -0.2477
11.58 -0.2480
11.59 -0.2482
11.60 -0.2485
11.61 -0.2487
11.62 -0.2490
11.63 -0.2492
11.64 -0.2493
11.65 -0.2495
11.66 -0.2497
11.67 -0.2498
11.68 -0.2499
11.69 -0.2500
11.70 -0.2501
11.71 -0.2501
11.72 -0.2502
11.73 -0.2502
11.74 -0.2502
11.75 -0.2502
11.76 -0.2501
11.77 -0.2501
11.78 -0.2500
11.79 -0.2499
11.80 -0.2498
11.81 -0.2497
11.82 -0.2495
11.83 -0.2493
11.84 -0.2492
11.85 -0.2489
11.86 -0.2487
11.87 -0.2485
11.88 -0.2482
11.89 -0.2480
11.90 -0.2477
11.91 -0.2473
11.92 -0.2470
11.93 -0.2467
11.94 -0.2463
11.95 -0.2459
11.96 -0.2455
11.97 -0.2451
11.98 -0.2446
11.99 -0.2442
12.00 -0.2437
12.01 -0.2432
12.02 -0.2427
12.03 -0.2422
12.04 -0.2416
12.05 -0.2411
12.06 -0.2405
12.07 -0.2399
12.08 -0.2393
12.09 -0.2386
12.10 -0.2380
12.11 -0.2373
12.12 -0.2366
12.13 -0.2359
12.14 -0.2352
12.15 -0.2345
12.16 -0.2337
12.17 -0.2329
12.18 -0.2321
12.19 -0.2313
12.20 -0.2305
12.21 -0.2297
12.22 -0.2288
12.23 -0.2279
12.24 -0.2271
12.25 -0.2262
12.26 -0.2252
12.27 -0.2243
12.28 -0.2233
12.29 -0.2224
12.30 -0.2214
12.31 -0.2204
12.32 -0.2193
12.33 -0.2183
12.34 -0.2173
12.35 -0.2162
12.36 -0.2151
12.37 -0.2140
12.38 -0.2129
12.39 -0.2118
12.40 -0.2106
12.41 -0.2095
12.42 -0.2083
12.43 -0.2071
12.44 -0.2059
12.45 -0.2047
12.46 -0.2034
12.47 -0.2022
12.48 -0.2009
12.49 -0.1996
12.50 -0.1984
12.51 -0.1970
12.52 -0.1957
12.53 -0.1944
12.54 -0.1930
12.55 -0.1917
12.56 -0.1903
12.57 -0.1889
12.58 -0.1875
12.59 -0.1861
12.60 -0.1847
12.61 -0.1832
12.62 -0.1818
12.63 -0.1803
12.64 -0.1788
12.65 -0.1773
12.66 -0.1758
12.67 -0.1743
12.68 -0.1728
12.69 -0.1712
12.70 -0.1697
12.71 -0.1681
12.72 -0.1665
12.73 -0.1649
12.74 -0.1633
12.75 -0.1617
12.76 -0.1601
12.77 -0.1584
12.78 -0.1568
12.79 -0.1551
12.80 -0.1535
12.81 -0.1518
12.82 -0.1501
12.83 -0.1484
12.84 -0.1467
12.85 -0.1449
12.86 -0.1432
12.87 -0.1415
12.88 -0.1397
12.89 -0.1380
12.90 -0.1362
12.91 -0.1344
12.92 -0.1326
12.93 -0.1308
12.94 -0.1290
12.95 -0.1272
12.96 -0.1254
12.97 -0.1235
12.98 -0.1217
12.99 -0.1199
13.00 -0.1180
13.01 -0.1161
13.02 -0.1143
13.03 -0.1124
13.04 -0.1105
13.05 -0.1086
13.06 -0.1067
13.07 -0.1048
13.08 -0.1029
13.09 -0.1009
13.10 -0.0990
13.11 -0.0971
13.12 -0.0951
13.13 -0.0932
13.14 -0.0912
13.15 -0.0893
13.16 -0.0873
13.17 -0.0853
13.18 -0.0834
13.19 -0.0814
13.20 -0.0794
13.21 -0.0774
13.22 -0.0754
13.23 -0.0734
13.24 -0.0714
13.25 -0.0694
13.26 -0.0674
13.27 -0.0654
13.28 -0.0634
13.29 -0.0613
13.30 -0.0593
13.31 -0.0573
13.32 -0.0552
13.33 -0.0532
13.34 -0.0512
13.35 -0.0491
13.36 -0.0471
13.37 -0.0450
13.38 -0.0430
13.39 -0.0409
13.40 -0.0389
13.41 -0.0368
13.42 -0.0348
13.43 -0.0327
13.44 -0.0307
13.45 -0.0286
13.46 -0.0266
13.47 -0.0245
13.48 -0.0224
13.49 -0.0204
13.50 -0.0183
13.51 -0.0163
13.52 -0.0142
13.53 -0.0121
13.54 -0.0101
13.55 -0.0080
13.56 -0.0060
13.57 -0.0039
13.58 -0.0019
13.59 0.0002
13.60 0.0022
13.61 0.0043
13.62 0.0063
13.63 0.0084
13.64 0.0104
13.65 0.0125
13.66 0.0145
13.67 0.0165
13.68 0.0186
13.69 0.0206
13.70 0.0226
13.71 0.0247
13.72 0.0267
13.73 0.0287
13.74 0.0307
13.75 0.0327
13.76 0.0347
13.77 0.0367
13.78 0.0387
13.79 0.0407
13.80 0.0427
13.81 0.0447
13.82 0.0467
13.83 0.0486
13.84 0.0506
13.85 0.0526
13.86 0.0545
13.87 0.0565
13.88 0.0584
13.89 0.0603
13.90 0.0623
13.91 0.0642
13.92 0.0661
13.93 0.0680
13.94 0.0699
13.95 0.0718
13.96 0.0737
13.97 0.0756
13.98 0.0775
13.99 0.0794
14.00 0.0812
14.01 0.0831
14.02 0.0849
14.03 0.0867
14.04 0.0886
14.05 0.0904
14.06 0.0922
14.07 0.0940
14.08 0.0958
14.09 0.0976
14.10 0.0993
14.11 0.1011
14.12 0.1029
14.13 0.1046
14.14 0.1063
14.15 0.1081
14.16 0.1098
14.17 0.1115
14.18 0.1132
14.19 0.1149
14.20 0.1165
14.21 0.1182
14.22 0.1199
14.23 0.1215
14.24 0.1231
14.25 0.1247
14.26 0.1264
14.27 0.1279
14.28 0.1295
14.29 0.1311
14.30 0.1327
14.31 0.1342
14.32 0.1358
14.33 0.1373
14.34 0.1388
14.35 0.1403
14.36 0.1418
14.37 0.1432
14.38 0.1447
14.39 0.1462
14.40 0.1476
14.41 0.1490
14.42 0.1504
14.43 0.1518
14.44 0.1532
14.45 0.1546
14.46 0.1559
14.47 0.1573
14.48 0.1586
14.49 0.1599
14.50 0.1612
14.51 0.1625
14.52 0.1637
14.53 0.1650
14.54 0.1662
14.55 0.1675
14.56 0.1687
14.57 0.1699
14.58 0.1711
14.59 0.1722
14.60 0.1734
14.61 0.1745
14.62 0.1756
14.63 0.1767
14.64 0.1778
14.65 0.1789
14.66 0.1800
14.67 0.1810
14.68 0.1820
14.69 0.1830
14.70 0.1840
14.71 0.1850
14.72 0.1860
14.73 0.1869
14.74 0.1879
14.75 0.1888
14.76 0.1897
14.77 0.1906
14.78 0.1914
14.79 0.1923
14.80 0.1931
14.81 0.1939
14.82 0.1947
14.83 0.1955
14.84 0.1963
14.85 0.1970
14.86 0.1977
14.87 0.1985
14.88 0.1991
14.89 0.1998
14.90 0.2005
14.91 0.2011
14.92 0.2018
14.93 0.2024
14.94 0.2030
14.95 0.2035
14.96 0.2041
14.97 0.2046
14.98 0.2052
14.99 0.2057
