0.00 0.0000
0.01 0.0000
0.02 0.0000
0.03 -0.0000
0.04 0.0000
0.05 0.0000
0.06 0.0000
0.07 0.0000
0.08 -0.0000
0.09 0.0000
0.10 -0.0000
0.11 -0.0000
0.12 0.0000
0.13 0.0000
0.14 -0.0000
0.15 0.0000
0.16 -0.0000
0.17 0.0000
0.18 0.0000
0.19 0.0000
0.20 0.0000
0.21 -0.0000
0.22 -0.0000
0.23 0.0000
0.24 -0.0000
0.25 -0.0000
0.26 -0.0000
0.27 0.0000
0.28 0.0000
0.29 -0.0000
0.30 -0.0000
0.31 -0.0000
0.32 0.0000
0.33 -0.0000
0.34 -0.0000
0.35 0.0000
0.36 -0.0000
0.37 0.0000
0.38 0.0000
0.39 0.0000
0.40 0.0000
0.41 0.0000
0.42 -0.0000
0.43 -0.0000
0.44 0.0000
0.45 -0.0000
0.46 0.0000
0.47 0.0000
0.48 -0.0000
0.49 0.0000
0.50 -0.0000
0.51 0.0000
0.52 0.0000
0.53 0.0000
0.54 -0.0000
0.55 0.0000
0.56 0.0000
0.57 0.0000
0.58 0.0000
0.59 0.0000
0.60 0.0000
0.61 0.0000
0.62 0.0000
0.63 0.0000
0.64 0.0000
0.65 0.0000
0.66 0.0000
0.67 0.0000
0.68 0.0000
0.69 0.0000
0.70 0.0000
0.71 0.0000
0.72 0.0000
0.73 0.0000
0.74 0.0000
0.75 0.0000
0.76 0.0000
0.77 0.0000
0.78 0.0000
0.79 0.0000
0.80 0.0000
0.81 0.0000
0.82 0.0000
0.83 0.0000
0.84 0.0000
0.85 0.0000
0.86 0.0000
0.87 0.0000
0.88 0.0000
0.89 0.0000
0.90 0.0000
0.91 0.0000
0.92 0.0000
0.93 0.0000
0.94 0.0000
0.95 0.0000
0.96 0.0000
0.97 0.0000
0.98 0.0000
0.99 0.0000
1.00 0.0000
1.01 0.0000
1.02 0.0000
1.03 0.0000
1.04 0.0000
1.05 0.0000
1.06 0.0000
1.07 0.0000
1.08 0.0000
1.09 0.0000
1.10 0.0000
1.11 0.0000
1.12 0.0000
1.13 0.0000
1.14 0.0000
1.15 0.0000
1.16 0.0000
1.17 0.0000
1.18 0.0000
1.19 0.0000
1.20 0.0000
1.21 0.0000
1.22 0.0000
1.23 0.0000
1.24 0.0000
1.25 0.0000
1.26 0.0000
1.27 0.0000
1.28 0.0000
1.29 0.0000
1.30 0.0000
1.31 0.0000
1.32 0.0000
1.33 0.0000
1.34 0.0000
1.35 0.0000
1.36 0.0000
1.37 0.0000
1.38 0.0000
1.39 0.0000
1.40 0.0000
1.41 0.0000
1.42 0.0000
1.43 0.0000
1.44 0.0000
1.45 0.0000
1.46 0.0000
1.47 0.0000
1.48 0.0000
1.49 0.0000
1.50 0.0000
1.51 0.0000
1.52 0.0000
1.53 0.0000
1.54 0.0000
1.55 0.0000
1.56 0.0000
1.57 0.0000
1.58 0.0000
1.59 0.0000
1.60 0.0000
1.61 0.0000
1.62 0.0000
1.63 0.0000
1.64 0.0000
1.65 0.0000
1.66 0.0000
1.67 0.0001
1.68 0.0001
1.69 0.0001
1.70 0.0001
1.71 0.0001
1.72 0.0001
1.73 0.0001
1.74 0.0001
1.75 0.0001
1.76 0.0001
1.77 0.0001
1.78 0.0001
1.79 0.0001
1.80 0.0001
1.81 0.0001
1.82 0.0001
1.83 0.0001
1.84 0.0001
1.85 0.0001
1.86 0.0001
1.87 0.0001
1.88 0.0001
1.89 0.0001
1.90 0.0001
1.91 0.0001
1.92 0.0001
1.93 0.0001
1.94 0.0001
1.95 0.0001
1.96 0.0002
1.97 0.0002
1.98 0.0002
1.99 0.0002
2.00 0.0002
2.01 0.0002
2.02 0.0002
2.03 0.0002
2.04 0.0002
2.05 0.0002
2.06 0.0002
2.07 0.0002
2.08 0.0002
2.09 0.0002
2.10 0.0002
2.11 0.0003
2.12 0.0003
2.13 0.0003
2.14 0.0003
2.15 0.0003
2.16 0.0003
2.17 0.0003
2.18 0.0003
2.19 0.0003
2.20 0.0003
2.21 0.0003
2.22 0.0004
2.23 0.0004
2.24 0.0004
2.25 0.0004
2.26 0.0004
2.27 0.0004
2.28 0.0004
2.29 0.0004
2.30 0.0004
2.31 0.0005
2.32 0.0005
2.33 0.0005
2.34 0.0005
2.35 0.0005
2.36 0.0005
2.37 0.0005
2.38 0.0006
2.39 0.0006
2.40 0.0006
2.41 0.0006
2.42 0.0006
2.43 0.0006
2.44 0.0007
2.45 0.0007
2.46 0.0007
2.47 0.0007
2.48 0.0007
2.49 0.0008
2.50 0.0008
2.51 0.0008
2.52 0.0008
2.53 0.0008
2.54 0.0009
2.55 0.0009
2.56 0.0009
2.57 0.0009
2.58 0.0010
2.59 0.0010
2.60 0.0010
2.61 0.0010
2.62 0.0011
2.63 0.0011
2.64 0.0011
2.65 0.0011
2.66 0.0012
2.67 0.0012
2.68 0.0012
2.69 0.0013
2.70 0.0013
2.71 0.0013
2.72 0.0014
2.73 0.0014
2.74 0.0014
2.75 0.0015
2.76 0.0015
2.77 0.0015
2.78 0.0016
2.79 0.0016
2.80 0.0016
2.81 0.0017
2.82 0.0017
2.83 0.0017
2.84 0.0018
2.85 0.0018
2.86 0.0019
2.87 0.0019
2.88 0.0020
2.89 0.0020
2.90 0.0020
2.91 0.0021
2.92 0.0021
2.93 0.0022
2.94 0.0022
2.95 0.0023
2.96 0.0023
2.97 0.0024
2.98 0.0024
2.99 0.0025
3.00 0.0025
3.01 0.0026
3.02 0.0027
3.03 0.0027
3.04 0.0028
3.05 0.0028
3.06 0.0029
3.07 0.0030
3.08 0.0030
3.09 0.0031
3.10 0.0031
3.11 0.0032
3.12 0.0033
3.13 0.0033
3.14 0.0034
3.15 0.0035
3.16 0.0035
3.17 0.0036
3.18 0.0037
3.19 0.0038
3.20 0.0038
3.21 0.0039
3.22 0.0040
3.23 0.0041
3.24 0.0042
3.25 0.0042
3.26 0.0043
3.27 0.0044
3.28 0.0045
3.29 0.0046
3.30 0.0047
3.31 0.0048
3.32 0.0048
3.33 0.0049
3.34 0.0050
3.35 0.0051
3.36 0.0052
3.37 0.0053
3.38 0.0054
3.39 0.0055
3.40 0.0056
3.41 0.0057
3.42 0.0058
3.43 0.0059
3.44 0.0061
3.45 0.0062
3.46 0.0063
3.47 0.0064
3.48 0.0065
3.49 0.0066
3.50 0.0067
3.51 0.0069
3.52 0.0070
3.53 0.0071
3.54 0.0072
3.55 0.0074
3.56 0.0075
3.57 0.0076
3.58 0.0078
3.59 0.0079
3.60 0.0080
3.61 0.0082
3.62 0.0083
3.63 0.0084
3.64 0.0086
3.65 0.0087
3.66 0.0089
3.67 0.0090
3.68 0.0092
3.69 0.0093
3.70 0.0095
3.71 0.0096
3.72 0.0098
3.73 0.0100
3.74 0.0101
3.75 0.0103
3.76 0.0105
3.77 0.0106
3.78 0.0108
3.79 0.0110
3.80 0.0112
3.81 0.0113
3.82 0.0115
3.83 0.0117
3.84 0.0119
3.85 0.0121
3.86 0.0123
3.87 0.0125
3.88 0.0127
3.89 0.0128
3.90 0.0130
3.91 0.0133
3.92 0.0135
3.93 0.0137
3.94 0.0139
3.95 0.0141
3.96 0.0143
3.97 0.0145
3.98 0.0147
3.99 0.0150
4.00 0.0152
4.01 0.0154
4.02 0.0156
4.03 0.0159
4.04 0.0161
4.05 0.0163
4.06 0.0166
4.07 0.0168
4.08 0.0171
4.09 0.0173
4.10 0.0176
4.11 0.0178
4.12 0.0181
4.13 0.0183
4.14 0.0186
4.15 0.0189
4.16 0.0191
4.17 0.0194
4.18 0.0197
4.19 0.0199
4.20 0.0202
4.21 0.0205
4.22 0.0208
4.23 0.0211
4.24 0.0214
4.25 0.0217
4.26 0.0220
4.27 0.0223
4.28 0.0226
4.29 0.0229
4.30 0.0232
4.31 0.0235
4.32 0.0238
4.33 0.0241
4.34 0.0244
4.35 0.0248
4.36 0.0251
4.37 0.0254
4.38 0.0258
4.39 0.0261
4.40 0.0264
4.41 0.0268
4.42 0.0271
4.43 0.0275
4.44 0.0278
4.45 0.0282
4.46 0.0285
4.47 0.0289
4.48 0.0293
4.49 0.0296
4.50 0.0300
4.51 0.0304
4.52 0.0308
4.53 0.0312
4.54 0.0316
4.55 0.0319
4.56 0.0323
4.57 0.0327
4.58 0.0331
4.59 0.0335
4.60 0.0340
4.61 0.0344
4.62 0.0348
4.63 0.0352
4.64 0.0356
4.65 0.0361
4.66 0.0365
4.67 0.0369
4.68 0.0374
4.69 0.0378
4.70 0.0382
4.71 0.0387
4.72 0.0391
4.73 0.0396
4.74 0.0401
4.75 0.0405
4.76 0.0410
4.77 0.0415
4.78 0.0419
4.79 0.0424
4.80 0.0429
4.81 0.0434
4.82 0.0439
4.83 0.0444
4.84 0.0449
4.85 0.0454
4.86 0.0459
4.87 0.0464
4.88 0.0469
4.89 0.0474
4.90 0.0479
4.91 0.0485
4.92 0.0490
4.93 0.0495
4.94 0.0501
4.95 0.0506
4.96 0.0512
4.97 0.0517
4.98 0.0523
4.99 0.0528
5.00 0.0534
5.01 0.0539
5.02 0.0545
5.03 0.0551
5.04 0.0557
5.05 0.0562
5.06 0.0568
5.07 0.0574
5.08 0.0580
5.09 0.0586
5.10 0.0592
5.11 0.0598
5.12 0.0604
5.13 0.0610
5.14 0.0617
5.15 0.0623
5.16 0.0629
5.17 0.0635
5.18 0.0642
5.19 0.0648
5.20 0.0654
5.21 0.0661
5.22 0.0667
5.23 0.0674
5.24 0.0681
5.25 0.0687
5.26 0.0694
5.27 0.0701
5.28 0.0707
5.29 0.0714
5.30 0.0721
5.31 0.0728
5.32 0.0735
5.33 0.0742
5.34 0.0749
5.35 0.0756
5.36 0.0763
5.37 0.0770
5.38 0.0777
5.39 0.0784
5.40 0.0791
5.41 0.0799
5.42 0.0806
5.43 0.0813
5.44 0.0821
5.45 0.0828
5.46 0.0836
5.47 0.0843
5.48 0.0851
5.49 0.0858
5.50 0.0866
5.51 0.0874
5.52 0.0881
5.53 0.0889
5.54 0.0897
5.55 0.0905
5.56 0.0913
5.57 0.0921
5.58 0.0929
5.59 0.0937
5.60 0.0945
5.61 0.0953
5.62 0.0961
5.63 0.0969
5.64 0.0977
5.65 0.0985
5.66 0.0994
5.67 0.1002
5.68 0.1010
5.69 0.1019
5.70 0.1027
5.71 0.1035
5.72 0.1044
5.73 0.1052
5.74 0.1061
5.75 0.1070
5.76 0.1078
5.77 0.1087
5.78 0.1096
5.79 0.1104
5.80 0.1113
5.81 0.1122
5.82 0.1131
5.83 0.1140
5.84 0.1149
5.85 0.1158
5.86 0.1167
5.87 0.1176
5.88 0.1185
5.89 0.1194
5.90 0.1203
5.91 0.1212
5.92 0.1221
5.93 0.1230
5.94 0.1240
5.95 0.1249
5.96 0.1258
5.97 0.1268
5.98 0.1277
5.99 0.1286
6.00 0.1296
6.01 0.1305
6.02 0.1315
6.03 0.1324
6.04 0.1334
6.05 0.1344
6.06 0.1353
6.07 0.1363
6.08 0.1373
6.09 0.1382
6.10 0.1392
6.11 0.1402
6.12 0.1412
6.13 0.1421
6.14 0.1431
6.15 0.1441
6.16 0.1451
6.17 0.1461
6.18 0.1471
6.19 0.1481
6.20 0.1491
6.21 0.1501
6.22 0.1511
6.23 0.1521
6.24 0.1531
6.25 0.1541
6.26 0.1552
6.27 0.1562
6.28 0.1572
6.29 0.1582
6.30 0.1592
6.31 0.1603
6.32 0.1613
6.33 0.1623
6.34 0.1634
6.35 0.1644
6.36 0.1654
6.37 0.1665
6.38 0.1675
6.39 0.1686
6.40 0.1696
6.41 0.1706
6.42 0.1717
6.43 0.1727
6.44 0.1738
6.45 0.1748
6.46 0.1759
6.47 0.1770
6.48 0.1780
6.49 0.1791
6.50 0.1801
6.51 0.1812
6.52 0.1822
6.53 0.1833
6.54 0.1844
6.55 0.1854
6.56 0.1865
6.57 0.1876
6.58 0.1886
6.59 0.1897
6.60 0.1908
6.61 0.1918
6.62 0.1929
6.63 0.1940
6.64 0.1951
6.65 0.1961
6.66 0.1972
6.67 0.1983
6.68 0.1994
6.69 0.2004
6.70 0.2015
6.71 0.2026
6.72 0.2036
6.73 0.2047
6.74 0.2058
6.75 0.2069
6.76 0.2079
6.77 0.2090
6.78 0.2101
6.79 0.2112
6.80 0.2122
6.81 0.2133
6.82 0.2144
6.83 0.2155
6.84 0.2165
6.85 0.2176
6.86 0.2187
6.87 0.2198
6.88 0.2208
6.89 0.2219
6.90 0.2230
6.91 0.2240
6.92 0.2251
6.93 0.2262
6.94 0.2272
6.95 0.2283
6.96 0.2294
6.97 0.2304
6.98 0.2315
6.99 0.2325
7.00 0.2336
7.01 0.2346
7.02 0.2357
7.03 0.2368
7.04 0.2378
7.05 0.2389
7.06 0.2399
7.07 0.2409
7.08 0.2420
7.09 0.2430
7.10 0.2441
7.11 0.2451
7.12 0.2461
7.13 0.2472
7.14 0.2482
7.15 0.2492
7.16 0.2503
7.17 0.2513
7.18 0.2523
7.19 0.2533
7.20 0.2543
7.21 0.2553
7.22 0.2563
7.23 0.2574
7.24 0.2584
7.25 0.2594
7.26 0.2604
7.27 0.2613
7.28 0.2623
7.29 0.2633
7.30 0.2643
7.31 0.2653
7.32 0.2663
7.33 0.2672
7.34 0.2682
7.35 0.2692
7.36 0.2701
7.37 0.2711
7.38 0.2720
7.39 0.2730
7.40 0.2739
7.41 0.2749
7.42 0.2758
7.43 0.2768
7.44 0.2777
7.45 0.2786
7.46 0.2795
7.47 0.2804
7.48 0.2814
7.49 0.2823
7.50 0.2832
7.51 0.2841
7.52 0.2849
7.53 0.2858
7.54 0.2867
7.55 0.2876
7.56 0.2885
7.57 0.2893
7.58 0.2902
7.59 0.2910
7.60 0.2919
7.61 0.2927
7.62 0.2936
7.63 0.2944
7.64 0.2952
7.65 0.2961
7.66 0.2969
7.67 0.2977
7.68 0.2985
7.69 0.2993
7.70 0.3001
7.71 0.3009
7.72 0.3016
7.73 0.3024
7.74 0.3032
7.75 0.3039
7.76 0.3047
7.77 0.3054
7.78 0.3062
7.79 0.3069
7.80 0.3076
7.81 0.3083
7.82 0.3091
7.83 0.3098
7.84 0.3105
7.85 0.3111
7.86 0.3118
7.87 0.3125
7.88 0.3132
7.89 0.3138
7.90 0.3145
7.91 0.3151
7.92 0.3158
7.93 0.3164
7.94 0.3170
7.95 0.3176
7.96 0.3182
7.97 0.3188
7.98 0.3194
7.99 0.3200
8.00 0.3206
8.01 0.3212
8.02 0.3217
8.03 0.3223
8.04 0.3228
8.05 0.3233
8.06 0.3239
8.07 0.3244
8.08 0.3249
8.09 0.3254
8.10 0.3259
8.11 0.3264
8.12 0.3268
8.13 0.3273
8.14 0.3277
8.15 0.3282
8.16 0.3286
8.17 0.3291
8.18 0.3295
8.19 0.3299
8.20 0.3303
8.21 0.3307
8.22 0.3310
8.23 0.3314
8.24 0.3318
8.25 0.3321
8.26 0.3325
8.27 0.3328
8.28 0.3331
8.29 0.3334
8.30 0.3337
8.31 0.3340
8.32 0.3343
8.33 0.3346
8.34 0.3348
8.35 0.3351
8.36 0.3353
8.37 0.3356
8.38 0.3358
8.39 0.3360
8.40 0.3362
8.41 0.3364
8.42 0.3366
8.43 0.3367
8.44 0.3369
8.45 0.3370
8.46 0.3372
8.47 0.3373
8.48 0.3374
8.49 0.3375
8.50 0.3376
8.51 0.3377
8.52 0.3377
8.53 0.3378
8.54 0.3379
8.55 0.3379
8.56 0.3379
8.57 0.3379
8.58 0.3379
8.59 0.3379
8.60 0.3379
8.61 0.3379
8.62 0.3378
8.63 0.3378
8.64 0.3377
8.65 0.3376
8.66 0.3375
8.67 0.3374
8.68 0.3373
8.69 0.3372
8.70 0.3371
8.71 0.3369
8.72 0.3368
8.73 0.3366
8.74 0.3364
8.75 0.3362
8.76 0.3360
8.77 0.3358
8.78 0.3356
8.79 0.3353
8.80 0.3351
8.81 0.3348
8.82 0.3345
8.83 0.3342
8.84 0.3339
8.85 0.3336
8.86 0.3333
8.87 0.3330
8.88 0.3326
8.89 0.3323
8.90 0.3319
8.91 0.3315
8.92 0.3311
8.93 0.3307
8.94 0.3303
8.95 0.3298
8.96 0.3294
8.97 0.3289
8.98 0.3284
8.99 0.3280
9.00 0.3275
9.01 0.3269
9.02 0.3264
9.03 0.3259
9.04 0.3253
9.05 0.3248
9.06 0.3242
9.07 0.3236
9.08 0.3230
9.09 0.3224
9.10 0.3218
9.11 0.3212
9.12 0.3205
9.13 0.3199
9.14 0.3192
9.15 0.3185
9.16 0.3178
9.17 0.3171
9.18 0.3164
9.19 0.3156
9.20 0.3149
9.21 0.3141
9.22 0.3134
9.23 0.3126
9.24 0.3118
9.25 0.3110
9.26 0.3102
9.27 0.3093
9.28 0.3085
9.29 0.3076
9.30 0.3067
9.31 0.3059
9.32 0.3050
9.33 0.3041
9.34 0.3031
9.35 0.3022
9.36 0.3013
9.37 0.3003
9.38 0.2993
9.39 0.2984
9.40 0.2974
9.41 0.2964
9.42 0.2953
9.43 0.2943
9.44 0.2933
9.45 0.2922
9.46 0.2911
9.47 0.2901
9.48 0.2890
9.49 0.2879
9.50 0.2868
9.51 0.2856
9.52 0.2845
9.53 0.2833
9.54 0.2822
9.55 0.2810
9.56 0.2798
9.57 0.2786
9.58 0.2774
9.59 0.2762
9.60 0.2750
9.61 0.2737
9.62 0.2725
9.63 0.2712
9.64 0.2699
9.65 0.2686
9.66 0.2673
9.67 0.2660
9.68 0.2647
9.69 0.2634
9.70 0.2620
9.71 0.2607
9.72 0.2593
9.73 0.2579
9.74 0.2565
9.75 0.2551
9.76 0.2537
9.77 0.2523
9.78 0.2509
9.79 0.2494
9.80 0.2480
9.81 0.2465
9.82 0.2450
9.83 0.2435
9.84 0.2420
9.85 0.2405
9.86 0.2390
9.87 0.2375
9.88 0.2359
9.89 0.2344
9.90 0.2328
9.91 0.2313
9.92 0.2297
9.93 0.2281
9.94 0.2265
9.95 0.2249
9.96 0.2233
9.97 0.2216
9.98 0.2200
9.99 0.2183
10.00 0.2167
10.01 0.2150
10.02 0.2133
10.03 0.2117
10.04 0.2100
10.05 0.2083
10.06 0.2066
10.07 0.2048
10.08 0.2031
10.09 0.2014
10.10 0.1996
10.11 0.1979
10.12 0.1961
10.13 0.1943
10.14 0.1925
10.15 0.1907
10.16 0.1889
10.17 0.1871
10.18 0.1853
10.19 0.1835
10.20 0.1817
10.21 0.1798
10.22 0.1780
10.23 0.1761
10.24 0.1743
10.25 0.1724
10.26 0.1705
10.27 0.1687
10.28 0.1668
10.29 0.1649
10.30 0.1630
10.31 0.1610
10.32 0.1591
10.33 0.1572
10.34 0.1553
10.35 0.1533
10.36 0.1514
10.37 0.1494
10.38 0.1475
10.39 0.1455
10.40 0.1435
10.41 0.1416
10.42 0.1396
10.43 0.1376
10.44 0.1356
10.45 0.1336
10.46 0.1316
10.47 0.1296
10.48 0.1276
10.49 0.1256
10.50 0.1235
10.51 0.1215
10.52 0.1195
10.53 0.1174
10.54 0.1154
10.55 0.1133
10.56 0.1113
10.57 0.1092
10.58 0.1072
10.59 0.1051
10.60 0.1030
10.61 0.1010
10.62 0.0989
10.63 0.0968
10.64 0.0947
10.65 0.0926
10.66 0.0906
10.67 0.0885
10.68 0.0864
10.69 0.0843
10.70 0.0822
10.71 0.0801
10.72 0.0779
10.73 0.0758
10.74 0.0737
10.75 0.0716
10.76 0.0695
10.77 0.0674
10.78 0.0653
10.79 0.0631
10.80 0.0610
10.81 0.0589
10.82 0.0568
10.83 0.0546
10.84 0.0525
10.85 0.0504
10.86 0.0482
10.87 0.0461
10.88 0.0440
10.89 0.0418
10.90 0.0397
10.91 0.0376
10.92 0.0354
10.93 0.0333
10.94 0.0312
10.95 0.0290
10.96 0.0269
10.97 0.0247
10.98 0.0226
10.99 0.0205
11.00 0.0183
11.01 0.0162
11.02 0.0141
11.03 0.0119
11.04 0.0098
11.05 0.0077
11.06 0.0056
11.07 0.0034
11.08 0.0013
11.09 -0.0008
11.10 -0.0029
11.11 -0.0050
11.12 -0.0072
11.13 -0.0093
11.14 -0.0114
11.15 -0.0135
11.16 -0.0156
11.17 -0.0177
11.18 -0.0198
11.19 -0.0219
11.20 -0.0240
11.21 -0.0261
11.22 -0.0282
11.23 -0.0302
11.24 -0.0323
11.25 -0.0344
11.26 -0.0365
11.27 -0.0385
11.28 -0.0406
11.29 -0.0426
11.30 -0.0447
11.31 -0.0468
11.32 -0.0488
11.33 -0.0508
11.34 -0.0529
11.35 -0.0549
11.36 -0.0569
11.37 -0.0589
11.38 -0.0610
11.39 -0.0630
11.40 -0.0650
11.41 -0.0670
11.42 -0.0690
11.43 -0.0709
11.44 -0.0729
11.45 -0.0749
11.46 -0.0769
11.47 -0.0788
11.48 -0.0808
11.49 -0.0827
11.50 -0.0847
11.51 -0.0866
11.52 -0.0885
11.53 -0.0904
11.54 -0.0923
11.55 -0.0942
11.56 -0.0961
11.57 -0.0980
11.58 -0.0999
11.59 -0.1018
11.60 -0.1036
11.61 -0.1055
11.62 -0.1073
11.63 -0.1092
11.64 -0.1110
11.65 -0.1128
11.66 -0.1146
11.67 -0.1165
11.68 -0.1182
11.69 -0.1200
11.70 -0.1218
11.71 -0.1236
11.72 -0.1253
11.73 -0.1271
11.74 -0.1288
11.75 -0.1305
11.76 -0.1323
11.77 -0.1340
11.78 -0.1357
11.79 -0.1374
11.80 -0.1390
11.81 -0.1407
11.82 -0.1424
11.83 -0.1440
11.84 -0.1457
11.85 -0.1473
11.86 -0.1489
11.87 -0.1505
11.88 -0.1521
11.89 -0.1537
11.90 -0.1552
11.91 -0.1568
11.92 -0.1583
11.93 -0.1599
11.94 -0.1614
11.95 -0.1629
11.96 -0.1644
11.97 -0.1659
11.98 -0.1674
11.99 -0.1688
12.00 -0.1703
12.01 -0.1717
12.02 -0.1731
12.03 -0.1746
12.04 -0.1760
12.05 -0.1773
12.06 -0.1787
12.07 -0.1801
12.08 -0.1814
12.09 -0.1828
12.10 -0.1841
12.11 -0.1854
12.12 -0.1867
12.13 -0.1880
12.14 -0.1892
12.15 -0.1905
12.16 -0.1917
12.17 -0.1930
12.18 -0.1942
12.19 -0.1954
12.20 -0.1966
12.21 -0.1977
12.22 -0.1989
12.23 -0.2000
12.24 -0.2011
12.25 -0.2023
12.26 -0.2034
12.27 -0.2044
12.28 -0.2055
12.29 -0.2066
12.30 -0.2076
12.31 -0.2086
12.32 -0.2096
12.33 -0.2106
12.34 -0.2116
12.35 -0.2126
12.36 -0.2135
12.37 -0.2145
12.38 -0.2154
12.39 -0.2163
12.40 -0.2172
12.41 -0.2180
12.42 -0.2189
12.43 -0.2197
12.44 -0.2206
12.45 -0.2214
12.46 -0.2222
12.47 -0.2230
12.48 -0.2237
12.49 -0.2245
12.50 -0.2252
12.51 -0.2259
12.52 -0.2266
12.53 -0.2273
12.54 -0.2280
12.55 -0.2286
12.56 -0.2292
12.57 -0.2299
12.58 -0.2305
12.59 -0.2310
12.60 -0.2316
12.61 -0.2322
12.62 -0.2327
12.63 -0.2332
12.64 -0.2337
12.65 -0.2342
12.66 -0.2347
12.67 -0.2351
12.68 -0.2356
12.69 -0.2360
12.70 -0.2364
12.71 -0.2368
12.72 -0.2371
12.73 -0.2375
12.74 -0.2378
12.75 -0.2381
12.76 -0.2384
12.77 -0.2387
12.78 -0.2390
12.79 -0.2392
12.80 -0.2395
12.81 -0.2397
12.82 -0.2399
12.83 -0.2401
12.84 -0.2402
12.85 -0.2404
12.86 -0.2405
12.87 -0.2406
12.88 -0.2407
12.89 -0.2408
12.90 -0.2409
12.91 -0.2409
12.92 -0.2409
12.93 -0.2410
12.94 -0.2410
12.95 -0.2409
12.96 -0.2409
12.97 -0.2408
12.98 -0.2408
12.99 -0.2407
13.00 -0.2406
13.01 -0.2404
13.02 -0.2403
13.03 -0.2401
13.04 -0.2400
13.05 -0.2398
13.06 -0.2396
13.07 -0.2393
13.08 -0.2391
13.09 -0.2388
13.10 -0.2386
13.11 -0.2383
13.12 -0.2380
13.13 -0.2376
13.14 -0.2373
13.15 -0.2369
13.16 -0.2366
13.17 -0.2362
13.18 -0.2358
13.19 -0.2353
13.20 -0.2349
13.21 -0.2344
13.22 -0.2339
13.23 -0.2335
13.24 -0.2329
13.25 -0.2324
13.26 -0.2319
13.27 -0.2313
13.28 -0.2307
13.29 -0.2302
13.30 -0.2295
13.31 -0.2289
13.32 -0.2283
13.33 -0.2276
13.34 -0.2270
13.35 -0.2263
13.36 -0.2256
13.37 -0.2248
13.38 -0.2241
13.39 -0.2234
13.40 -0.2226
13.41 -0.2218
13.42 -0.2210
13.43 -0.2202
13.44 -0.2194
13.45 -0.2185
13.46 -0.2177
13.47 -0.2168
13.48 -0.2159
13.49 -0.2150
13.50 -0.2141
13.51 -0.2132
13.52 -0.2122
13.53 -0.2112
13.54 -0.2103
13.55 -0.2093
13.56 -0.2083
13.57 -0.2072
13.58 -0.2062
13.59 -0.2051
13.60 -0.2041
13.61 -0.2030
13.62 -0.2019
13.63 -0.2008
13.64 -0.1997
13.65 -0.1985
13.66 -0.1974
13.67 -0.1962
13.68 -0.1951
13.69 -0.1939
13.70 -0.1927
13.71 -0.1914
13.72 -0.1902
13.73 -0.1890
13.74 -0.1877
13.75 -0.1864
13.76 -0.1852
13.77 -0.1839
13.78 -0.1826
13.79 -0.1812
13.80 -0.1799
13.81 -0.1786
13.82 -0.1772
13.83 -0.1758
13.84 -0.1744
13.85 -0.1730
13.86 -0.1716
13.87 -0.1702
13.88 -0.1688
13.89 -0.1674
13.90 -0.1659
13.91 -0.1644
13.92 -0.1630
13.93 -0.1615
13.94 -0.1600
13.95 -0.1585
13.96 -0.1570
13.97 -0.1554
13.98 -0.1539
13.99 -0.1523
14.00 -0.1508
14.01 -0.1492
14.02 -0.1476
14.03 -0.1460
14.04 -0.1444
14.05 -0.1428
14.06 -0.1412
14.07 -0.1396
14.08 -0.1379
14.09 -0.1363
14.10 -0.1346
14.11 -0.1330
14.12 -0.1313
14.13 -0.1296
14.14 -0.1279
14.15 -0.1262
14.16 -0.1245
14.17 -0.1228
14.18 -0.1211
14.19 -0.1193
14.20 -0.1176
14.21 -0.1158
14.22 -0.1141
14.23 -0.1123
14.24 -0.1105
14.25 -0.1088
14.26 -0.1070
14.27 -0.1052
14.28 -0.1034
14.29 -0.1016
14.30 -0.0998
14.31 -0.0979
14.32 -0.0961
14.33 -0.0943
14.34 -0.0925
14.35 -0.0906
14.36 -0.0888
14.37 -0.0869
14.38 -0.0851
14.39 -0.0832
14.40 -0.0813
14.41 -0.0794
14.42 -0.0776
14.43 -0.0757
14.44 -0.0738
14.45 -0.0719
14.46 -0.0700
14.47 -0.0681
14.48 -0.0662
14.49 -0.0643
14.50 -0.0624
14.51 -0.0605
14.52 -0.0586
14.53 -0.0566
14.54 -0.0547
14.55 -0.0528
14.56 -0.0509
14.57 -0.0489
14.58 -0.0470
14.59 -0.0450
14.60 -0.0431
14.61 -0.0412
14.62 -0.0392
14.63 -0.0373
14.64 -0.0353
14.65 -0.0334
14.66 -0.0314
14.67 -0.0295
14.68 -0.0275
14.69 -0.0256
14.70 -0.0236
14.71 -0.0217
14.72 -0.0197
14.73 -0.0178
14.74 -0.0158
14.75 -0.0139
14.76 -0.0119
14.77 -0.0100
14.78 -0.0080
14.79 -0.0060
14.80 -0.0041
14.81 -0.0021
14.82 -0.0002
14.83 0.0017
14.84 0.0037
14.85 0.0056
14.86 0.0076
14.87 0.0095
14.88 0.0115
14.89 0.0134
14.90 0.0153
14.91 0.0173
14.92 0.0192
14.93 0.0211
14.94 0.0230
14.95 0.0250
14.96 0.0269
14.97 0.0288
14.98 0.0307
14.99 0.0326
