0.00 0.0000
0.01 0.0000
0.02 -0.0000
0.03 0.0000
0.04 -0.0000
0.05 -0.0000
0.06 0.0000
0.07 0.0000
0.08 0.0000
0.09 0.0000
0.10 -0.0000
0.11 0.0000
0.12 -0.0000
0.13 0.0000
0.14 -0.0000
0.15 0.0000
0.16 0.0000
0.17 0.0000
0.18 0.0000
0.19 0.0000
0.20 0.0000
0.21 0.0000
0.22 0.0000
0.23 0.0000
0.24 0.0000
0.25 0.0000
0.26 0.0000
0.27 0.0000
0.28 0.0000
0.29 0.0000
0.30 0.0000
0.31 0.0000
0.32 0.0000
0.33 0.0000
0.34 0.0000
0.35 0.0000
0.36 0.0000
0.37 0.0000
0.38 0.0000
0.39 0.0000
0.40 0.0000
0.41 0.0000
0.42 0.0000
0.43 0.0000
0.44 0.0000
0.45 0.0000
0.46 0.0000
0.47 0.0000
0.48 0.0000
0.49 0.0000
0.50 0.0000
0.51 0.0000
0.52 0.0000
0.53 0.0000
0.54 0.0000
0.55 0.0000
0.56 0.0000
0.57 0.0000
0.58 0.0000
0.59 0.0000
0.60 0.0000
0.61 0.0000
0.62 0.0000
0.63 0.0000
0.64 0.0000
0.65 0.0000
0.66 0.0000
0.67 0.0000
0.68 0.0000
0.69 0.0000
0.70 0.0000
0.71 0.0000
0.72 0.0000
0.73 0.0001
0.74 0.0001
0.75 0.0001
0.76 0.0001
0.77 0.0001
0.78 0.0001
0.79 0.0001
0.80 0.0001
0.81 0.0001
0.82 0.0001
0.83 0.0001
0.84 0.0001
0.85 0.0001
0.86 0.0001
0.87 0.0001
0.88 0.0001
0.89 0.0001
0.90 0.0001
0.91 0.0002
0.92 0.0002
0.93 0.0002
0.94 0.0002
0.95 0.0002
0.96 0.0002
0.97 0.0002
0.98 0.0002
0.99 0.0002
1.00 0.0002
1.01 0.0003
1.02 0.0003
1.03 0.0003
1.04 0.0003
1.05 0.0003
1.06 0.0003
1.07 0.0003
1.08 0.0004
1.09 0.0004
1.10 0.0004
1.11 0.0004
1.12 0.0004
1.13 0.0005
1.14 0.0005
1.15 0.0005
1.16 0.0005
1.17 0.0005
1.18 0.0006
1.19 0.0006
1.20 0.0006
1.21 0.0006
1.22 0.0007
1.23 0.0007
1.24 0.0007
1.25 0.0007
1.26 0.0008
1.27 0.0008
1.28 0.0008
1.29 0.0009
1.30 0.0009
1.31 0.0009
1.32 0.0010
1.33 0.0010
1.34 0.0010
1.35 0.0011
1.36 0.0011
1.37 0.0012
1.38 0.0012
1.39 0.0012
1.40 0.0013
1.41 0.0013
1.42 0.0014
1.43 0.0014
1.44 0.0015
1.45 0.0015
1.46 0.0016
1.47 0.0016
1.48 0.0017
1.49 0.0017
1.50 0.0018
1.51 0.0019
1.52 0.0019
1.53 0.0020
1.54 0.0020
1.55 0.0021
1.56 0.0022
1.57 0.0022
1.58 0.0023
1.59 0.0024
1.60 0.0025
1.61 0.0025
1.62 0.0026
1.63 0.0027
1.64 0.0028
1.65 0.0028
1.66 0.0029
1.67 0.0030
1.68 0.0031
1.69 0.0032
1.70 0.0033
1.71 0.0034
1.72 0.0035
1.73 0.0036
1.74 0.0037
1.75 0.0038
1.76 0.0039
1.77 0.0040
1.78 0.0041
1.79 0.0042
1.80 0.0043
1.81 0.0044
1.82 0.0045
1.83 0.0046
1.84 0.0048
1.85 0.0049
1.86 0.0050
1.87 0.0051
1.88 0.0053
1.89 0.0054
1.90 0.0055
1.91 0.0057
1.92 0.0058
1.93 0.0060
1.94 0.0061
1.95 0.0063
1.96 0.0064
1.97 0.0066
1.98 0.0067
1.99 0.0069
2.00 0.0070
2.01 0.0072
2.02 0.0074
2.03 0.0075
2.04 0.0077
2.05 0.0079
2.06 0.0081
2.07 0.0083
2.08 0.0084
2.09 0.0086
2.10 0.0088
2.11 0.0090
2.12 0.0092
2.13 0.0094
2.14 0.0096
2.15 0.0098
2.16 0.0101
2.17 0.0103
2.18 0.0105
2.19 0.0107
2.20 0.0109
2.21 0.0112
2.22 0.0114
2.23 0.0116
2.24 0.0119
2.25 0.0121
2.26 0.0124
2.27 0.0126
2.28 0.0129
2.29 0.0131
2.30 0.0134
2.31 0.0137
2.32 0.0139
2.33 0.0142
2.34 0.0145
2.35 0.0148
2.36 0.0151
2.37 0.0153
2.38 0.0156
2.39 0.0159
2.40 0.0162
2.41 0.0165
2.42 0.0169
2.43 0.0172
2.44 0.0175
2.45 0.0178
2.46 0.0181
2.47 0.0185
2.48 0.0188
2.49 0.0192
2.50 0.0195
2.51 0.0199
2.52 0.0202
2.53 0.0206
2.54 0.0209
2.55 0.0213
2.56 0.0217
2.57 0.0220
2.58 0.0224
2.59 0.0228
2.60 0.0232
2.61 0.0236
2.62 0.0240
2.63 0.0244
2.64 0.0248
2.65 0.0252
2.66 0.0257
2.67 0.0261
2.68 0.0265
2.69 0.0269
2.70 0.0274
2.71 0.0278
2.72 0.0283
2.73 0.0287
2.74 0.0292
2.75 0.0297
2.76 0.0301
2.77 0.0306
2.78 0.0311
2.79 0.0316
2.80 0.0321
2.81 0.0326
2.82 0.0331
2.83 0.0336
2.84 0.0341
2.85 0.0346
2.86 0.0351
2.87 0.0357
2.88 0.0362
2.89 0.0367
2.90 0.0373
2.91 0.0378
2.92 0.0384
2.93 0.0389
2.94 0.0395
2.95 0.0401
2.96 0.0407
2.97 0.0412
2.98 0.0418
2.99 0.0424
3.00 0.0430
3.01 0.0436
3.02 0.0442
3.03 0.0449
3.04 0.0455
3.05 0.0461
3.06 0.0467
3.07 0.0474
3.08 0.0480
3.09 0.0487
3.10 0.0493
3.11 0.0500
3.12 0.0507
3.13 0.0514
3.14 0.0520
3.15 0.0527
3.16 0.0534
3.17 0.0541
3.18 0.0548
3.19 0.0555
3.20 0.0562
3.21 0.0570
3.22 0.0577
3.23 0.0584
3.24 0.0592
3.25 0.0599
3.26 0.0607
3.27 0.0614
3.28 0.0622
3.29 0.0629
3.30 0.0637
3.31 0.0645
3.32 0.0653
3.33 0.0661
3.34 0.0669
3.35 0.0677
3.36 0.0685
3.37 0.0693
3.38 0.0701
3.39 0.0710
3.40 0.0718
3.41 0.0726
3.42 0.0735
3.43 0.0743
3.44 0.0752
3.45 0.0760
3.46 0.0769
3.47 0.0778
3.48 0.0787
3.49 0.0795
3.50 0.0804
3.51 0.0813
3.52 0.0822
3.53 0.0832
3.54 0.0841
3.55 0.0850
3.56 0.0859
3.57 0.0868
3.58 0.0878
3.59 0.0887
3.60 0.0897
3.61 0.0906
3.62 0.0916
3.63 0.0926
3.64 0.0935
3.65 0.0945
3.66 0.0955
3.67 0.0965
3.68 0.0975
3.69 0.0985
3.70 0.0995
3.71 0.1005
3.72 0.1015
3.73 0.1025
3.74 0.1036
3.75 0.1046
3.76 0.1056
3.77 0.1067
3.78 0.1077
3.79 0.1088
3.80 0.1098
3.81 0.1109
3.82 0.1120
3.83 0.1130
3.84 0.1141
3.85 0.1152
3.86 0.1163
3.87 0.1174
3.88 0.1185
3.89 0.1196
3.90 0.1207
3.91 0.1218
3.92 0.1230
3.93 0.1241
3.94 0.1252
3.95 0.1263
3.96 0.1275
3.97 0.1286
3.98 0.1298
3.99 0.1309
4.00 0.1321
4.01 0.1332
4.02 0.1344
4.03 0.1356
4.04 0.1368
4.05 0.1379
4.06 0.1391
4.07 0.1403
4.08 0.1415
4.09 0.1427
4.10 0.1439
4.11 0.1451
4.12 0.1463
4.13 0.1475
4.14 0.1488
4.15 0.1500
4.16 0.1512
4.17 0.1524
4.18 0.1537
4.19 0.1549
4.20 0.1561
4.21 0.1574
4.22 0.1586
4.23 0.1599
4.24 0.1611
4.25 0.1624
4.26 0.1636
4.27 0.1649
4.28 0.1662
4.29 0.1674
4.30 0.1687
4.31 0.1700
4.32 0.1713
4.33 0.1726
4.34 0.1738
4.35 0.1751
4.36 0.1764
4.37 0.1777
4.38 0.1790
4.39 0.1803
4.40 0.1816
4.41 0.1829
4.42 0.1842
4.43 0.1855
4.44 0.1868
4.45 0.1881
4.46 0.1894
4.47 0.1908
4.48 0.1921
4.49 0.1934
4.50 0.1947
4.51 0.1960
4.52 0.1974
4.53 0.1987
4.54 0.2000
4.55 0.2013
4.56 0.2027
4.57 0.2040
4.58 0.2053
4.59 0.2067
4.60 0.2080
4.61 0.2093
4.62 0.2107
4.63 0.2120
4.64 0.2133
4.65 0.2147
4.66 0.2160
4.67 0.2173
4.68 0.2187
4.69 0.2200
4.70 0.2214
4.71 0.2227
4.72 0.2240
4.73 0.2254
4.74 0.2267
4.75 0.2280
4.76 0.2294
4.77 0.2307
4.78 0.2321
4.79 0.2334
4.80 0.2347
4.81 0.2361
4.82 0.2374
4.83 0.2387
4.84 0.2401
4.85 0.2414
4.86 0.2427
4.87 0.2440
4.88 0.2454
4.89 0.2467
4.90 0.2480
4.91 0.2493
4.92 0.2507
4.93 0.2520
4.94 0.2533
4.95 0.2546
4.96 0.2559
4.97 0.2572
4.98 0.2585
4.99 0.2598
5.00 0.2611
5.01 0.2624
5.02 0.2637
5.03 0.2650
5.04 0.2663
5.05 0.2676
5.06 0.2689
5.07 0.2702
5.08 0.2715
5.09 0.2727
5.10 0.2740
5.11 0.2753
5.12 0.2765
5.13 0.2778
5.14 0.2791
5.15 0.2803
5.16 0.2816
5.17 0.2828
5.18 0.2840
5.19 0.2853
5.20 0.2865
5.21 0.2877
5.22 0.2890
5.23 0.2902
5.24 0.2914
5.25 0.2926
5.26 0.2938
5.27 0.2950
5.28 0.2962
5.29 0.2974
5.30 0.2986
5.31 0.2997
5.32 0.3009
5.33 0.3021
5.34 0.3032
5.35 0.3044
5.36 0.3055
5.37 0.3067
5.38 0.3078
5.39 0.3090
5.40 0.3101
5.41 0.3112
5.42 0.3123
5.43 0.3134
5.44 0.3145
5.45 0.3156
5.46 0.3167
5.47 0.3177
5.48 0.3188
5.49 0.3199
5.50 0.3209
5.51 0.3220
5.52 0.3230
5.53 0.3240
5.54 0.3251
5.55 0.3261
5.56 0.3271
5.57 0.3281
5.58 0.3291
5.59 0.3301
5.60 0.3310
5.61 0.3320
5.62 0.3330
5.63 0.3339
5.64 0.3348
5.65 0.3358
5.66 0.3367
5.67 0.3376
5.68 0.3385
5.69 0.3394
5.70 0.3403
5.71 0.3412
5.72 0.3420
5.73 0.3429
5.74 0.3437
5.75 0.3446
5.76 0.3454
5.77 0.3462
5.78 0.3470
5.79 0.3478
5.80 0.3486
5.81 0.3494
5.82 0.3502
5.83 0.3509
5.84 0.3517
5.85 0.3524
5.86 0.3531
5.87 0.3538
5.88 0.3545
5.89 0.3552
5.90 0.3559
5.91 0.3566
5.92 0.3572
5.93 0.3579
5.94 0.3585
5.95 0.3591
5.96 0.3598
5.97 0.3604
5.98 0.3609
5.99 0.3615
6.00 0.3621
6.01 0.3626
6.02 0.3632
6.03 0.3637
6.04 0.3642
6.05 0.3647
6.06 0.3652
6.07 0.3657
6.08 0.3662
6.09 0.3666
6.10 0.3671
6.11 0.3675
6.12 0.3679
6.13 0.3683
6.14 0.3687
6.15 0.3691
6.16 0.3694
6.17 0.3698
6.18 0.3701
6.19 0.3705
6.20 0.3708
6.21 0.3711
6.22 0.3713
6.23 0.3716
6.24 0.3719
6.25 0.3721
6.26 0.3723
6.27 0.3726
6.28 0.3728
6.29 0.3730
6.30 0.3731
6.31 0.3733
6.32 0.3734
6.33 0.3736
6.34 0.3737
6.35 0.3738
6.36 0.3739
6.37 0.3739
6.38 0.3740
6.39 0.3740
6.40 0.3741
6.41 0.3741
6.42 0.3741
6.43 0.3741
6.44 0.3740
6.45 0.3740
6.46 0.3739
6.47 0.3739
6.48 0.3738
6.49 0.3737
6.50 0.3736
6.51 0.3734
6.52 0.3733
6.53 0.3731
6.54 0.3729
6.55 0.3727
6.56 0.3725
6.57 0.3723
6.58 0.3721
6.59 0.3718
6.60 0.3715
6.61 0.3713
6.62 0.3710
6.63 0.3706
6.64 0.3703
6.65 0.3700
6.66 0.3696
6.67 0.3692
6.68 0.3688
6.69 0.3684
6.70 0.3680
6.71 0.3676
6.72 0.3671
6.73 0.3666
6.74 0.3661
6.75 0.3656
6.76 0.3651
6.77 0.3646
6.78 0.3640
6.79 0.3635
6.80 0.3629
6.81 0.3623
6.82 0.3617
6.83 0.3610
6.84 0.3604
6.85 0.3597
6.86 0.3590
6.87 0.3583
6.88 0.3576
6.89 0.3569
6.90 0.3562
6.91 0.3554
6.92 0.3546
6.93 0.3539
6.94 0.3530
6.95 0.3522
6.96 0.3514
6.97 0.3505
6.98 0.3497
6.99 0.3488
7.00 0.3479
7.01 0.3470
7.02 0.3460
7.03 0.3451
7.04 0.3441
7.05 0.3432
7.06 0.3422
7.07 0.3412
7.08 0.3401
7.09 0.3391
7.10 0.3380
7.11 0.3370
7.12 0.3359
7.13 0.3348
7.14 0.3337
7.15 0.3325
7.16 0.3314
7.17 0.3302
7.18 0.3290
7.19 0.3278
7.20 0.3266
7.21 0.3254
7.22 0.3242
7.23 0.3229
7.24 0.3216
7.25 0.3203
7.26 0.3190
7.27 0.3177
7.28 0.3164
7.29 0.3151
7.30 0.3137
7.31 0.3123
7.32 0.3109
7.33 0.3095
7.34 0.3081
7.35 0.3067
7.36 0.3052
7.37 0.3038
7.38 0.3023
7.39 0.3008
7.40 0.2993
7.41 0.2978
7.42 0.2962
7.43 0.2947
7.44 0.2931
7.45 0.2915
7.46 0.2900
7.47 0.2884
7.48 0.2867
7.49 0.2851
7.50 0.2835
7.51 0.2818
7.52 0.2801
7.53 0.2784
7.54 0.2767
7.55 0.2750
7.56 0.2733
7.57 0.2716
7.58 0.2698
7.59 0.2681
7.60 0.2663
7.61 0.2645
7.62 0.2627
7.63 0.2609
7.64 0.2590
7.65 0.2572
7.66 0.2554
7.67 0.2535
7.68 0.2516
7.69 0.2497
7.70 0.2478
7.71 0.2459
7.72 0.2440
7.73 0.2421
7.74 0.2401
7.75 0.2381
7.76 0.2362
7.77 0.2342
7.78 0.2322
7.79 0.2302
7.80 0.2282
7.81 0.2262
7.82 0.2241
7.83 0.2221
7.84 0.2200
7.85 0.2179
7.86 0.2159
7.87 0.2138
7.88 0.2117
7.89 0.2096
7.90 0.2075
7.91 0.2053
7.92 0.2032
7.93 0.2010
7.94 0.1989
7.95 0.1967
7.96 0.1945
7.97 0.1924
7.98 0.1902
7.99 0.1880
8.00 0.1858
8.01 0.1835
8.02 0.1813
8.03 0.1791
8.04 0.1768
8.05 0.1746
8.06 0.1723
8.07 0.1700
8.08 0.1678
8.09 0.1655
8.10 0.1632
8.11 0.1609
8.12 0.1586
8.13 0.1563
8.14 0.1540
8.15 0.1516
8.16 0.1493
8.17 0.1470
8.18 0.1446
8.19 0.1423
8.20 0.1399
8.21 0.1376
8.22 0.1352
8.23 0.1328
8.24 0.1304
8.25 0.1280
8.26 0.1257
8.27 0.1233
8.28 0.1209
8.29 0.1185
8.30 0.1160
8.31 0.1136
8.32 0.1112
8.33 0.1088
8.34 0.1064
8.35 0.1039
8.36 0.1015
8.37 0.0991
8.38 0.0966
8.39 0.0942
8.40 0.0917
8.41 0.0893
8.42 0.0868
8.43 0.0844
8.44 0.0819
8.45 0.0794
8.46 0.0770
8.47 0.0745
8.48 0.0720
8.49 0.0696
8.50 0.0671
8.51 0.0646
8.52 0.0622
8.53 0.0597
8.54 0.0572
8.55 0.0547
8.56 0.0523
8.57 0.0498
8.58 0.0473
8.59 0.0448
8.60 0.0423
8.61 0.0399
8.62 0.0374
8.63 0.0349
8.64 0.0324
8.65 0.0299
8.66 0.0275
8.67 0.0250
8.68 0.0225
8.69 0.0201
8.70 0.0176
8.71 0.0151
8.72 0.0126
8.73 0.0102
8.74 0.0077
8.75 0.0053
8.76 0.0028
8.77 0.0003
8.78 -0.0021
8.79 -0.0046
8.80 -0.0070
8.81 -0.0095
8.82 -0.0119
8.83 -0.0143
8.84 -0.0168
8.85 -0.0192
8.86 -0.0216
8.87 -0.0240
8.88 -0.0265
8.89 -0.0289
8.90 -0.0313
8.91 -0.0337
8.92 -0.0361
8.93 -0.0385
8.94 -0.0409
8.95 -0.0432
8.96 -0.0456
8.97 -0.0480
8.98 -0.0504
8.99 -0.0527
9.00 -0.0551
9.01 -0.0574
9.02 -0.0597
9.03 -0.0621
9.04 -0.0644
9.05 -0.0667
9.06 -0.0690
9.07 -0.0713
9.08 -0.0736
9.09 -0.0759
9.10 -0.0782
9.11 -0.0805
9.12 -0.0827
9.13 -0.0850
9.14 -0.0873
9.15 -0.0895
9.16 -0.0917
9.17 -0.0939
9.18 -0.0962
9.19 -0.0984
9.20 -0.1006
9.21 -0.1027
9.22 -0.1049
9.23 -0.1071
9.24 -0.1092
9.25 -0.1114
9.26 -0.1135
9.27 -0.1156
9.28 -0.1178
9.29 -0.1199
9.30 -0.1220
9.31 -0.1240
9.32 -0.1261
9.33 -0.1282
9.34 -0.1302
9.35 -0.1323
9.36 -0.1343
9.37 -0.1363
9.38 -0.1383
9.39 -0.1403
9.40 -0.1423
9.41 -0.1442
9.42 -0.1462
9.43 -0.1481
9.44 -0.1501
9.45 -0.1520
9.46 -0.1539
9.47 -0.1558
9.48 -0.1576
9.49 -0.1595
9.50 -0.1613
9.51 -0.1632
9.52 -0.1650
9.53 -0.1668
9.54 -0.1686
9.55 -0.1704
9.56 -0.1721
9.57 -0.1739
9.58 -0.1756
9.59 -0.1774
9.60 -0.1791
9.61 -0.1808
9.62 -0.1824
9.63 -0.1841
9.64 -0.1857
9.65 -0.1874
9.66 -0.1890
9.67 -0.1906
9.68 -0.1922
9.69 -0.1937
9.70 -0.1953
9.71 -0.1968
9.72 -0.1984
9.73 -0.1999
9.74 -0.2014
9.75 -0.2028
9.76 -0.2043
9.77 -0.2057
9.78 -0.2072
9.79 -0.2086
9.80 -0.2099
9.81 -0.2113
9.82 -0.2127
9.83 -0.2140
9.84 -0.2153
9.85 -0.2166
9.86 -0.2179
9.87 -0.2192
9.88 -0.2205
9.89 -0.2217
9.90 -0.2229
9.91 -0.2241
9.92 -0.2253
9.93 -0.2264
9.94 -0.2276
9.95 -0.2287
9.96 -0.2298
9.97 -0.2309
9.98 -0.2320
9.99 -0.2330
10.00 -0.2341
10.01 -0.2351
10.02 -0.2361
10.03 -0.2371
10.04 -0.2380
10.05 -0.2390
10.06 -0.2399
10.07 -0.2408
10.08 -0.2417
10.09 -0.2425
10.10 -0.2434
10.11 -0.2442
10.12 -0.2450
10.13 -0.2458
10.14 -0.2466
10.15 -0.2473
10.16 -0.2481
10.17 -0.2488
10.18 -0.2495
10.19 -0.2501
10.20 -0.2508
10.21 -0.2514
10.22 -0.2520
10.23 -0.2526
10.24 -0.2532
10.25 -0.2537
10.26 -0.2543
10.27 -0.2548
10.28 -0.2553
10.29 -0.2558
10.30 -0.2562
10.31 -0.2566
10.32 -0.2571
10.33 -0.2575
10.34 -0.2578
10.35 -0.2582
10.36 -0.2585
10.37 -0.2588
10.38 -0.2591
10.39 -0.2594
10.40 -0.2596
10.41 -0.2599
10.42 -0.2601
10.43 -0.2603
10.44 -0.2604
10.45 -0.2606
10.46 -0.2607
10.47 -0.2608
10.48 -0.2609
10.49 -0.2610
10.50 -0.2611
10.51 -0.2611
10.52 -0.2611
10.53 -0.2611
10.54 -0.2611
10.55 -0.2610
10.56 -0.2609
10.57 -0.2608
10.58 -0.2607
10.59 -0.2606
10.60 -0.2604
10.61 -0.2603
10.62 -0.2601
10.63 -0.2599
10.64 -0.2596
10.65 -0.2594
10.66 -0.2591
10.67 -0.2588
10.68 -0.2585
10.69 -0.2582
10.70 -0.2578
10.71 -0.2575
10.72 -0.2571
10.73 -0.2566
10.74 -0.2562
10.75 -0.2558
10.76 -0.2553
10.77 -0.2548
10.78 -0.2543
10.79 -0.2538
10.80 -0.2532
10.81 -0.2527
10.82 -0.2521
10.83 -0.2515
10.84 -0.2508
10.85 -0.2502
10.86 -0.2495
10.87 -0.2488
10.88 -0.2481
10.89 -0.2474
10.90 -0.2467
10.91 -0.2459
10.92 -0.2452
10.93 -0.2444
10.94 -0.2435
10.95 -0.2427
10.96 -0.2419
10.97 -0.2410
10.98 -0.2401
10.99 -0.2392
11.00 -0.2383
11.01 -0.2373
11.02 -0.2364
11.03 -0.2354
11.04 -0.2344
11.05 -0.2334
11.06 -0.2324
11.07 -0.2313
11.08 -0.2302
11.09 -0.2292
11.10 -0.2281
11.11 -0.2269
11.12 -0.2258
11.13 -0.2246
11.14 -0.2235
11.15 -0.2223
11.16 -0.2211
11.17 -0.2199
11.18 -0.2186
11.19 -0.2174
11.20 -0.2161
11.21 -0.2148
11.22 -0.2135
11.23 -0.2122
11.24 -0.2109
11.25 -0.2095
11.26 -0.2082
11.27 -0.2068
11.28 -0.2054
11.29 -0.2040
11.30 -0.2026
11.31 -0.2011
11.32 -0.1997
11.33 -0.1982
11.34 -0.1967
11.35 -0.1952
11.36 -0.1937
11.37 -0.1922
11.38 -0.1906
11.39 -0.1891
11.40 -0.1875
11.41 -0.1859
11.42 -0.1843
11.43 -0.1827
11.44 -0.1811
11.45 -0.1795
11.46 -0.1778
11.47 -0.1761
11.48 -0.1745
11.49 -0.1728
11.50 -0.1711
11.51 -0.1694
11.52 -0.1676
11.53 -0.1659
11.54 -0.1642
11.55 -0.1624
11.56 -0.1606
11.57 -0.1588
11.58 -0.1570
11.59 -0.1552
11.60 -0.1534
11.61 -0.1516
11.62 -0.1497
11.63 -0.1479
11.64 -0.1460
11.65 -0.1442
11.66 -0.1423
11.67 -0.1404
11.68 -0.1385
11.69 -0.1366
11.70 -0.1347
11.71 -0.1327
11.72 -0.1308
11.73 -0.1288
11.74 -0.1269
11.75 -0.1249
11.76 -0.1229
11.77 -0.1210
11.78 -0.1190
11.79 -0.1170
11.80 -0.1150
11.81 -0.1130
11.82 -0.1109
11.83 -0.1089
11.84 -0.1069
11.85 -0.1048
11.86 -0.1028
11.87 -0.1007
11.88 -0.0986
11.89 -0.0966
11.90 -0.0945
11.91 -0.0924
11.92 -0.0903
11.93 -0.0882
11.94 -0.0861
11.95 -0.0840
11.96 -0.0819
11.97 -0.0798
11.98 -0.0777
11.99 -0.0756
12.00 -0.0734
12.01 -0.0713
12.02 -0.0692
12.03 -0.0670
12.04 -0.0649
12.05 -0.0627
12.06 -0.0606
12.07 -0.0584
12.08 -0.0563
12.09 -0.0541
12.10 -0.0519
12.11 -0.0498
12.12 -0.0476
12.13 -0.0454
12.14 -0.0433
12.15 -0.0411
12.16 -0.0389
12.17 -0.0367
12.18 -0.0345
12.19 -0.0324
12.20 -0.0302
12.21 -0.0280
12.22 -0.0258
12.23 -0.0236
12.24 -0.0215
12.25 -0.0193
12.26 -0.0171
12.27 -0.0149
12.28 -0.0127
12.29 -0.0105
12.30 -0.0084
12.31 -0.0062
12.32 -0.0040
12.33 -0.0018
12.34 0.0003
12.35 0.0025
12.36 0.0047
12.37 0.0069
12.38 0.0090
12.39 0.0112
12.40 0.0133
12.41 0.0155
12.42 0.0177
12.43 0.0198
12.44 0.0220
12.45 0.0241
12.46 0.0263
12.47 0.0284
12.48 0.0305
12.49 0.0327
12.50 0.0348
12.51 0.0369
12.52 0.0390
12.53 0.0411
12.54 0.0432
12.55 0.0453
12.56 0.0474
12.57 0.0495
12.58 0.0516
12.59 0.0537
12.60 0.0557
12.61 0.0578
12.62 0.0599
12.63 0.0619
12.64 0.0640
12.65 0.0660
12.66 0.0680
12.67 0.0701
12.68 0.0721
12.69 0.0741
12.70 0.0761
12.71 0.0781
12.72 0.0801
12.73 0.0820
12.74 0.0840
12.75 0.0860
12.76 0.0879
12.77 0.0898
12.78 0.0918
12.79 0.0937
12.80 0.0956
12.81 0.0975
12.82 0.0994
12.83 0.1013
12.84 0.1032
12.85 0.1050
12.86 0.1069
12.87 0.1087
12.88 0.1106
12.89 0.1124
12.90 0.1142
12.91 0.1160
12.92 0.1178
12.93 0.1196
12.94 0.1213
12.95 0.1231
12.96 0.1248
12.97 0.1265
12.98 0.1283
12.99 0.1300
13.00 0.1317
13.01 0.1333
13.02 0.1350
13.03 0.1367
13.04 0.1383
13.05 0.1399
13.06 0.1415
13.07 0.1431
13.08 0.1447
13.09 0.1463
13.10 0.1479
13.11 0.1494
13.12 0.1510
13.13 0.1525
13.14 0.1540
13.15 0.1555
13.16 0.1569
13.17 0.1584
13.18 0.1599
13.19 0.1613
13.20 0.1627
13.21 0.1641
13.22 0.1655
13.23 0.1669
13.24 0.1682
13.25 0.1696
13.26 0.1709
13.27 0.1722
13.28 0.1735
13.29 0.1748
13.30 0.1760
13.31 0.1773
13.32 0.1785
13.33 0.1797
13.34 0.1809
13.35 0.1821
13.36 0.1833
13.37 0.1844
13.38 0.1856
13.39 0.1867
13.40 0.1878
13.41 0.1888
13.42 0.1899
13.43 0.1910
13.44 0.1920
13.45 0.1930
13.46 0.1940
13.47 0.1950
13.48 0.1959
13.49 0.1969
13.50 0.1978
13.51 0.1987
13.52 0.1996
13.53 0.2005
13.54 0.2013
13.55 0.2022
13.56 0.2030
13.57 0.2038
13.58 0.2046
13.59 0.2053
13.60 0.2061
13.61 0.2068
13.62 0.2075
13.63 0.2082
13.64 0.2089
13.65 0.2095
13.66 0.2101
13.67 0.2108
13.68 0.2114
13.69 0.2119
13.70 0.2125
13.71 0.2130
13.72 0.2135
13.73 0.2140
13.74 0.2145
13.75 0.2150
13.76 0.2154
13.77 0.2159
13.78 0.2163
13.79 0.2167
13.80 0.2170
13.81 0.2174
13.82 0.2177
13.83 0.2180
13.84 0.2183
13.85 0.2186
13.86 0.2188
13.87 0.2191
13.88 0.2193
13.89 0.2195
13.90 0.2197
13.91 0.2198
13.92 0.2200
13.93 0.2201
13.94 0.2202
13.95 0.2203
13.96 0.2203
13.97 0.2204
13.98 0.2204
13.99 0.2204
14.00 0.2204
14.01 0.2203
14.02 0.2203
14.03 0.2202
14.04 0.2201
14.05 0.2200
14.06 0.2199
14.07 0.2197
14.08 0.2196
14.09 0.2194
14.10 0.2192
14.11 0.2189
14.12 0.2187
14.13 0.2184
14.14 0.2182
14.15 0.2179
14.16 0.2175
14.17 0.2172
14.18 0.2168
14.19 0.2165
14.20 0.2161
14.21 0.2156
14.22 0.2152
14.23 0.2148
14.24 0.2143
14.25 0.2138
14.26 0.2133
14.27 0.2128
14.28 0.2122
14.29 0.2117
14.30 0.2111
14.31 0.2105
14.32 0.2099
14.33 0.2092
14.34 0.2086
14.35 0.2079
14.36 0.2072
14.37 0.2065
14.38 0.2058
14.39 0.2051
14.40 0.2043
14.41 0.2035
14.42 0.2027
14.43 0.2019
14.44 0.2011
14.45 0.2003
14.46 0.1994
14.47 0.1985
14.48 0.1976
14.49 0.1967
14.50 0.1958
14.51 0.1948
14.52 0.1939
14.53 0.1929
14.54 0.1919
14.55 0.1909
14.56 0.1899
14.57 0.1888
14.58 0.1878
14.59 0.1867
14.60 0.1856
14.61 0.1845
14.62 0.1834
14.63 0.1822
14.64 0.1811
14.65 0.1799
14.66 0.1787
14.67 0.1775
14.68 0.1763
14.69 0.1751
14.70 0.1739
14.71 0.1726
14.72 0.1713
14.73 0.1700
14.74 0.1687
14.75 0.1674
14.76 0.1661
14.77 0.1648
14.78 0.1634
14.79 0.1620
14.80 0.1607
14.81 0.1593
14.82 0.1579
14.83 0.1564
14.84 0.1550
14.85 0.1536
14.86 0.1521
14.87 0.1506
14.88 0.1491
14.89 0.1476
14.90 0.1461
14.91 0.1446
14.92 0.1431
14.93 0.1415
14.94 0.1400
14.95 0.1384
14.96 0.1368
14.97 0.1352
14.98 0.1336
14.99 0.1320
