0.00 0.0000
0.01 0.0050
0.02 0.0100
0.03 0.0150
0.04 0.0200
0.05 0.0250
0.06 0.0300
0.07 0.0350
0.08 0.0400
0.09 0.0450
0.10 0.0499
0.11 0.0549
0.12 0.0599
0.13 0.0649
0.14 0.0698
0.15 0.0748
0.16 0.0797
0.17 0.0847
0.18 0.0896
0.19 0.0946
0.20 0.0995
0.21 0.1044
0.22 0.1093
0.23 0.1142
0.24 0.1191
0.25 0.1240
0.26 0.1289
0.27 0.1338
0.28 0.1386
0.29 0.1435
0.30 0.1483
0.31 0.1531
0.32 0.1580
0.33 0.1628
0.34 0.1676
0.35 0.1723
0.36 0.1771
0.37 0.1819
0.38 0.1866
0.39 0.1913
0.40 0.1960
0.41 0.2007
0.42 0.2054
0.43 0.2101
0.44 0.2147
0.45 0.2194
0.46 0.2240
0.47 0.2286
0.48 0.2332
0.49 0.2377
0.50 0.2423
0.51 0.2468
0.52 0.2513
0.53 0.2558
0.54 0.2603
0.55 0.2647
0.56 0.2692
0.57 0.2736
0.58 0.2780
0.59 0.2823
0.60 0.2867
0.61 0.2910
0.62 0.2953
0.63 0.2996
0.64 0.3039
0.65 0.3081
0.66 0.3124
0.67 0.3166
0.68 0.3207
0.69 0.3249
0.70 0.3290
0.71 0.3331
0.72 0.3372
0.73 0.3412
0.74 0.3452
0.75 0.3492
0.76 0.3532
0.77 0.3572
0.78 0.3611
0.79 0.3650
0.80 0.3688
0.81 0.3727
0.82 0.3765
0.83 0.3803
0.84 0.3840
0.85 0.3878
0.86 0.3915
0.87 0.3951
0.88 0.3988
0.89 0.4024
0.90 0.4059
0.91 0.4095
0.92 0.4130
0.93 0.4165
0.94 0.4200
0.95 0.4234
0.96 0.4268
0.97 0.4302
0.98 0.4335
0.99 0.4368
1.00 0.4401
1.01 0.4433
1.02 0.4465
1.03 0.4497
1.04 0.4528
1.05 0.4559
1.06 0.4590
1.07 0.4620
1.08 0.4650
1.09 0.4680
1.10 0.4709
1.11 0.4738
1.12 0.4767
1.13 0.4795
1.14 0.4823
1.15 0.4850
1.16 0.4878
1.17 0.4905
1.18 0.4931
1.19 0.4957
1.20 0.4983
1.21 0.5008
1.22 0.5033
1.23 0.5058
1.24 0.5082
1.25 0.5106
1.26 0.5130
1.27 0.5153
1.28 0.5176
1.29 0.5198
1.30 0.5220
1.31 0.5242
1.32 0.5263
1.33 0.5284
1.34 0.5305
1.35 0.5325
1.36 0.5344
1.37 0.5364
1.38 0.5383
1.39 0.5401
1.40 0.5419
1.41 0.5437
1.42 0.5455
1.43 0.5472
1.44 0.5488
1.45 0.5504
1.46 0.5520
1.47 0.5536
1.48 0.5551
1.49 0.5565
1.50 0.5579
1.51 0.5593
1.52 0.5607
1.53 0.5620
1.54 0.5632
1.55 0.5644
1.56 0.5656
1.57 0.5667
1.58 0.5678
1.59 0.5689
1.60 0.5699
1.61 0.5709
1.62 0.5718
1.63 0.5727
1.64 0.5735
1.65 0.5743
1.66 0.5751
1.67 0.5758
1.68 0.5765
1.69 0.5772
1.70 0.5778
1.71 0.5783
1.72 0.5788
1.73 0.5793
1.74 0.5798
1.75 0.5802
1.76 0.5805
1.77 0.5808
1.78 0.5811
1.79 0.5813
1.80 0.5815
1.81 0.5817
1.82 0.5818
1.83 0.5818
1.84 0.5819
1.85 0.5818
1.86 0.5818
1.87 0.5817
1.88 0.5816
1.89 0.5814
1.90 0.5812
1.91 0.5809
1.92 0.5806
1.93 0.5803
1.94 0.5799
1.95 0.5794
1.96 0.5790
1.97 0.5785
1.98 0.5779
1.99 0.5773
2.00 0.5767
2.01 0.5761
2.02 0.5754
2.03 0.5746
2.04 0.5738
2.05 0.5730
2.06 0.5721
2.07 0.5712
2.08 0.5703
2.09 0.5693
2.10 0.5683
2.11 0.5672
2.12 0.5661
2.13 0.5650
2.14 0.5638
2.15 0.5626
2.16 0.5614
2.17 0.5601
2.18 0.5587
2.19 0.5574
2.20 0.5560
2.21 0.5545
2.22 0.5530
2.23 0.5515
2.24 0.5500
2.25 0.5484
2.26 0.5468
2.27 0.5451
2.28 0.5434
2.29 0.5416
2.30 0.5399
2.31 0.5381
2.32 0.5362
2.33 0.5343
2.34 0.5324
2.35 0.5305
2.36 0.5285
2.37 0.5265
2.38 0.5244
2.39 0.5223
2.40 0.5202
2.41 0.5180
2.42 0.5158
2.43 0.5136
2.44 0.5113
2.45 0.5091
2.46 0.5067
2.47 0.5044
2.48 0.5020
2.49 0.4996
2.50 0.4971
2.51 0.4946
2.52 0.4921
2.53 0.4895
2.54 0.4870
2.55 0.4843
2.56 0.4817
2.57 0.4790
2.58 0.4763
2.59 0.4736
2.60 0.4708
2.61 0.4680
2.62 0.4652
2.63 0.4624
2.64 0.4595
2.65 0.4566
2.66 0.4536
2.67 0.4507
2.68 0.4477
2.69 0.4446
2.70 0.4416
2.71 0.4385
2.72 0.4354
2.73 0.4323
2.74 0.4292
2.75 0.4260
2.76 0.4228
2.77 0.4195
2.78 0.4163
2.79 0.4130
2.80 0.4097
2.81 0.4064
2.82 0.4030
2.83 0.3997
2.84 0.3963
2.85 0.3928
2.86 0.3894
2.87 0.3859
2.88 0.3825
2.89 0.3790
2.90 0.3754
2.91 0.3719
2.92 0.3683
2.93 0.3647
2.94 0.3611
2.95 0.3575
2.96 0.3538
2.97 0.3502
2.98 0.3465
2.99 0.3428
3.00 0.3391
3.01 0.3353
3.02 0.3316
3.03 0.3278
3.04 0.3240
3.05 0.3202
3.06 0.3164
3.07 0.3125
3.08 0.3087
3.09 0.3048
3.10 0.3009
3.11 0.2970
3.12 0.2931
3.13 0.2892
3.14 0.2852
3.15 0.2813
3.16 0.2773
3.17 0.2733
3.18 0.2694
3.19 0.2654
3.20 0.2613
3.21 0.2573
3.22 0.2533
3.23 0.2492
3.24 0.2452
3.25 0.2411
3.26 0.2370
3.27 0.2330
3.28 0.2289
3.29 0.2248
3.30 0.2207
3.31 0.2166
3.32 0.2124
3.33 0.2083
3.34 0.2042
3.35 0.2000
3.36 0.1959
3.37 0.1917
3.38 0.1876
3.39 0.1834
3.40 0.1792
3.41 0.1751
3.42 0.1709
3.43 0.1667
3.44 0.1625
3.45 0.1583
3.46 0.1541
3.47 0.1500
3.48 0.1458
3.49 0.1416
3.50 0.1374
3.51 0.1332
3.52 0.1290
3.53 0.1248
3.54 0.1206
3.55 0.1164
3.56 0.1122
3.57 0.1080
3.58 0.1038
3.59 0.0997
3.60 0.0955
3.61 0.0913
3.62 0.0871
3.63 0.0829
3.64 0.0788
3.65 0.0746
3.66 0.0704
3.67 0.0663
3.68 0.0621
3.69 0.0580
3.70 0.0538
3.71 0.0497
3.72 0.0456
3.73 0.0415
3.74 0.0373
3.75 0.0332
3.76 0.0291
3.77 0.0250
3.78 0.0210
3.79 0.0169
3.80 0.0128
3.81 0.0088
3.82 0.0047
3.83 0.0007
3.84 -0.0033
3.85 -0.0073
3.86 -0.0114
3.87 -0.0153
3.88 -0.0193
3.89 -0.0233
3.90 -0.0272
3.91 -0.0312
3.92 -0.0351
3.93 -0.0390
3.94 -0.0429
3.95 -0.0468
3.96 -0.0507
3.97 -0.0546
3.98 -0.0584
3.99 -0.0622
4.00 -0.0660
4.01 -0.0698
4.02 -0.0736
4.03 -0.0774
4.04 -0.0811
4.05 -0.0849
4.06 -0.0886
4.07 -0.0923
4.08 -0.0960
4.09 -0.0996
4.10 -0.1033
4.11 -0.1069
4.12 -0.1105
4.13 -0.1141
4.14 -0.1177
4.15 -0.1212
4.16 -0.1247
4.17 -0.1282
4.18 -0.1317
4.19 -0.1352
4.20 -0.1386
4.21 -0.1421
4.22 -0.1455
4.23 -0.1489
4.24 -0.1522
4.25 -0.1556
4.26 -0.1589
4.27 -0.1622
4.28 -0.1654
4.29 -0.1687
4.30 -0.1719
4.31 -0.1751
4.32 -0.1783
4.33 -0.1814
4.34 -0.1845
4.35 -0.1876
4.36 -0.1907
4.37 -0.1938
4.38 -0.1968
4.39 -0.1998
4.40 -0.2028
4.41 -0.2057
4.42 -0.2086
4.43 -0.2115
4.44 -0.2144
4.45 -0.2173
4.46 -0.2201
4.47 -0.2229
4.48 -0.2256
4.49 -0.2284
4.50 -0.2311
4.51 -0.2337
4.52 -0.2364
4.53 -0.2390
4.54 -0.2416
4.55 -0.2442
4.56 -0.2467
4.57 -0.2492
4.58 -0.2517
4.59 -0.2541
4.60 -0.2566
4.61 -0.2589
4.62 -0.2613
4.63 -0.2636
4.64 -0.2659
4.65 -0.2682
4.66 -0.2704
4.67 -0.2726
4.68 -0.2748
4.69 -0.2770
4.70 -0.2791
4.71 -0.2812
4.72 -0.2832
4.73 -0.2852
4.74 -0.2872
4.75 -0.2892
4.76 -0.2911
4.77 -0.2930
4.78 -0.2949
4.79 -0.2967
4.80 -0.2985
4.81 -0.3003
4.82 -0.3020
4.83 -0.3037
4.84 -0.3054
4.85 -0.3070
4.86 -0.3086
4.87 -0.3102
4.88 -0.3117
4.89 -0.3132
4.90 -0.3147
4.91 -0.3161
4.92 -0.3175
4.93 -0.3189
4.94 -0.3203
4.95 -0.3216
4.96 -0.3228
4.97 -0.3241
4.98 -0.3253
4.99 -0.3264
5.00 -0.3276
5.01 -0.3287
5.02 -0.3298
5.03 -0.3308
5.04 -0.3318
5.05 -0.3328
5.06 -0.3337
5.07 -0.3346
5.08 -0.3355
5.09 -0.3363
5.10 -0.3371
5.11 -0.3379
5.12 -0.3386
5.13 -0.3393
5.14 -0.3400
5.15 -0.3406
5.16 -0.3412
5.17 -0.3417
5.18 -0.3423
5.19 -0.3428
5.20 -0.3432
5.21 -0.3436
5.22 -0.3440
5.23 -0.3444
5.24 -0.3447
5.25 -0.3450
5.26 -0.3453
5.27 -0.3455
5.28 -0.3457
5.29 -0.3458
5.30 -0.3460
5.31 -0.3460
5.32 -0.3461
5.33 -0.3461
5.34 -0.3461
5.35 -0.3461
5.36 -0.3460
5.37 -0.3459
5.38 -0.3457
5.39 -0.3456
5.40 -0.3453
5.41 -0.3451
5.42 -0.3448
5.43 -0.3445
5.44 -0.3442
5.45 -0.3438
5.46 -0.3434
5.47 -0.3430
5.48 -0.3425
5.49 -0.3420
5.50 -0.3414
5.51 -0.3409
5.52 -0.3403
5.53 -0.3396
5.54 -0.3390
5.55 -0.3383
5.56 -0.3375
5.57 -0.3368
5.58 -0.3360
5.59 -0.3352
5.60 -0.3343
5.61 -0.3334
5.62 -0.3325
5.63 -0.3316
5.64 -0.3306
5.65 -0.3296
5.66 -0.3286
5.67 -0.3275
5.68 -0.3264
5.69 -0.3253
5.70 -0.3241
5.71 -0.3230
5.72 -0.3217
5.73 -0.3205
5.74 -0.3192
5.75 -0.3179
5.76 -0.3166
5.77 -0.3153
5.78 -0.3139
5.79 -0.3125
5.80 -0.3110
5.81 -0.3096
5.82 -0.3081
5.83 -0.3065
5.84 -0.3050
5.85 -0.3034
5.86 -0.3018
5.87 -0.3002
5.88 -0.2985
5.89 -0.2968
5.90 -0.2951
5.91 -0.2934
5.92 -0.2916
5.93 -0.2899
5.94 -0.2880
5.95 -0.2862
5.96 -0.2844
5.97 -0.2825
5.98 -0.2806
5.99 -0.2786
6.00 -0.2767
6.01 -0.2747
6.02 -0.2727
6.03 -0.2707
6.04 -0.2686
6.05 -0.2665
6.06 -0.2645
6.07 -0.2623
6.08 -0.2602
6.09 -0.2580
6.10 -0.2559
6.11 -0.2537
6.12 -0.2514
6.13 -0.2492
6.14 -0.2469
6.15 -0.2446
6.16 -0.2423
6.17 -0.2400
6.18 -0.2377
6.19 -0.2353
6.20 -0.2329
6.21 -0.2305
6.22 -0.2281
6.23 -0.2256
6.24 -0.2232
6.25 -0.2207
6.26 -0.2182
6.27 -0.2157
6.28 -0.2132
6.29 -0.2106
6.30 -0.2081
6.31 -0.2055
6.32 -0.2029
6.33 -0.2003
6.34 -0.1977
6.35 -0.1950
6.36 -0.1924
6.37 -0.1897
6.38 -0.1870
6.39 -0.1843
6.40 -0.1816
6.41 -0.1789
6.42 -0.1762
6.43 -0.1734
6.44 -0.1707
6.45 -0.1679
6.46 -0.1651
6.47 -0.1623
6.48 -0.1595
6.49 -0.1567
6.50 -0.1538
6.51 -0.1510
6.52 -0.1481
6.53 -0.1453
6.54 -0.1424
6.55 -0.1395
6.56 -0.1366
6.57 -0.1337
6.58 -0.1308
6.59 -0.1279
6.60 -0.1250
6.61 -0.1220
6.62 -0.1191
6.63 -0.1161
6.64 -0.1132
6.65 -0.1102
6.66 -0.1073
6.67 -0.1043
6.68 -0.1013
6.69 -0.0983
6.70 -0.0953
6.71 -0.0923
6.72 -0.0893
6.73 -0.0863
6.74 -0.0833
6.75 -0.0803
6.76 -0.0773
6.77 -0.0743
6.78 -0.0712
6.79 -0.0682
6.80 -0.0652
6.81 -0.0622
6.82 -0.0591
6.83 -0.0561
6.84 -0.0531
6.85 -0.0500
6.86 -0.0470
6.87 -0.0440
6.88 -0.0409
6.89 -0.0379
6.90 -0.0349
6.91 -0.0319
6.92 -0.0288
6.93 -0.0258
6.94 -0.0228
6.95 -0.0197
6.96 -0.0167
6.97 -0.0137
6.98 -0.0107
6.99 -0.0077
7.00 -0.0047
7.01 -0.0017
7.02 0.0013
7.03 0.0043
7.04 0.0073
7.05 0.0103
7.06 0.0133
7.07 0.0163
7.08 0.0193
7.09 0.0222
7.10 0.0252
7.11 0.0281
7.12 0.0311
7.13 0.0340
7.14 0.0369
7.15 0.0399
7.16 0.0428
7.17 0.0457
7.18 0.0486
7.19 0.0515
7.20 0.0543
7.21 0.0572
7.22 0.0601
7.23 0.0629
7.24 0.0658
7.25 0.0686
7.26 0.0714
7.27 0.0742
7.28 0.0770
7.29 0.0798
7.30 0.0826
7.31 0.0854
7.32 0.0881
7.33 0.0908
7.34 0.0936
7.35 0.0963
7.36 0.0990
7.37 0.1017
7.38 0.1043
7.39 0.1070
7.40 0.1096
7.41 0.1123
7.42 0.1149
7.43 0.1175
7.44 0.1201
7.45 0.1227
7.46 0.1252
7.47 0.1277
7.48 0.1303
7.49 0.1328
7.50 0.1353
7.51 0.1377
7.52 0.1402
7.53 0.1426
7.54 0.1451
7.55 0.1475
7.56 0.1499
7.57 0.1522
7.58 0.1546
7.59 0.1569
7.60 0.1592
7.61 0.1615
7.62 0.1638
7.63 0.1661
7.64 0.1683
7.65 0.1705
7.66 0.1727
7.67 0.1749
7.68 0.1771
7.69 0.1792
7.70 0.1813
7.71 0.1834
7.72 0.1855
7.73 0.1876
7.74 0.1896
7.75 0.1916
7.76 0.1936
7.77 0.1956
7.78 0.1975
7.79 0.1995
7.80 0.2014
7.81 0.2033
7.82 0.2051
7.83 0.2070
7.84 0.2088
7.85 0.2106
7.86 0.2123
7.87 0.2141
7.88 0.2158
7.89 0.2175
7.90 0.2192
7.91 0.2208
7.92 0.2225
7.93 0.2241
7.94 0.2257
7.95 0.2272
7.96 0.2288
7.97 0.2303
7.98 0.2318
7.99 0.2332
8.00 0.2346
8.01 0.2361
8.02 0.2374
8.03 0.2388
8.04 0.2401
8.05 0.2415
8.06 0.2427
8.07 0.2440
8.08 0.2452
8.09 0.2464
8.10 0.2476
8.11 0.2488
8.12 0.2499
8.13 0.2510
8.14 0.2521
8.15 0.2531
8.16 0.2542
8.17 0.2552
8.18 0.2561
8.19 0.2571
8.20 0.2580
8.21 0.2589
8.22 0.2598
8.23 0.2606
8.24 0.2614
8.25 0.2622
8.26 0.2630
8.27 0.2637
8.28 0.2644
8.29 0.2651
8.30 0.2657
8.31 0.2664
8.32 0.2670
8.33 0.2675
8.34 0.2681
8.35 0.2686
8.36 0.2691
8.37 0.2696
8.38 0.2700
8.39 0.2704
8.40 0.2708
8.41 0.2711
8.42 0.2715
8.43 0.2718
8.44 0.2720
8.45 0.2723
8.46 0.2725
8.47 0.2727
8.48 0.2729
8.49 0.2730
8.50 0.2731
8.51 0.2732
8.52 0.2733
8.53 0.2733
8.54 0.2733
8.55 0.2733
8.56 0.2732
8.57 0.2731
8.58 0.2730
8.59 0.2729
8.60 0.2728
8.61 0.2726
8.62 0.2724
8.63 0.2721
8.64 0.2719
8.65 0.2716
8.66 0.2712
8.67 0.2709
8.68 0.2705
8.69 0.2701
8.70 0.2697
8.71 0.2693
8.72 0.2688
8.73 0.2683
8.74 0.2678
8.75 0.2672
8.76 0.2666
8.77 0.2660
8.78 0.2654
8.79 0.2647
8.80 0.2641
8.81 0.2634
8.82 0.2626
8.83 0.2619
8.84 0.2611
8.85 0.2603
8.86 0.2595
8.87 0.2586
8.88 0.2577
8.89 0.2568
8.90 0.2559
8.91 0.2549
8.92 0.2540
8.93 0.2530
8.94 0.2519
8.95 0.2509
8.96 0.2498
8.97 0.2487
8.98 0.2476
8.99 0.2465
9.00 0.2453
9.01 0.2441
9.02 0.2429
9.03 0.2417
9.04 0.2404
9.05 0.2391
9.06 0.2378
9.07 0.2365
9.08 0.2352
9.09 0.2338
9.10 0.2324
9.11 0.2310
9.12 0.2296
9.13 0.2281
9.14 0.2267
9.15 0.2252
9.16 0.2236
9.17 0.2221
9.18 0.2206
9.19 0.2190
9.20 0.2174
9.21 0.2158
9.22 0.2141
9.23 0.2125
9.24 0.2108
9.25 0.2091
9.26 0.2074
9.27 0.2057
9.28 0.2039
9.29 0.2022
9.30 0.2004
9.31 0.1986
9.32 0.1968
9.33 0.1949
9.34 0.1931
9.35 0.1912
9.36 0.1893
9.37 0.1874
9.38 0.1855
9.39 0.1836
9.40 0.1816
9.41 0.1796
9.42 0.1777
9.43 0.1757
9.44 0.1736
9.45 0.1716
9.46 0.1696
9.47 0.1675
9.48 0.1654
9.49 0.1633
9.50 0.1612
9.51 0.1591
9.52 0.1570
9.53 0.1548
9.54 0.1527
9.55 0.1505
9.56 0.1483
9.57 0.1462
9.58 0.1439
9.59 0.1417
9.60 0.1395
9.61 0.1373
9.62 0.1350
9.63 0.1327
9.64 0.1305
9.65 0.1282
9.66 0.1259
9.67 0.1236
9.68 0.1213
9.69 0.1189
9.70 0.1166
9.71 0.1143
9.72 0.1119
9.73 0.1096
9.74 0.1072
9.75 0.1048
9.76 0.1024
9.77 0.1000
9.78 0.0976
9.79 0.0952
9.80 0.0928
9.81 0.0904
9.82 0.0880
9.83 0.0855
9.84 0.0831
9.85 0.0806
9.86 0.0782
9.87 0.0757
9.88 0.0733
9.89 0.0708
9.90 0.0683
9.91 0.0659
9.92 0.0634
9.93 0.0609
9.94 0.0584
9.95 0.0559
9.96 0.0534
9.97 0.0509
9.98 0.0484
9.99 0.0459
10.00 0.0434
10.01 0.0409
10.02 0.0384
10.03 0.0359
10.04 0.0334
10.05 0.0309
10.06 0.0284
10.07 0.0259
10.08 0.0234
10.09 0.0209
10.10 0.0184
10.11 0.0159
10.12 0.0133
10.13 0.0108
10.14 0.0083
10.15 0.0058
10.16 0.0033
10.17 0.0008
10.18 -0.0017
10.19 -0.0042
10.20 -0.0067
10.21 -0.0091
10.22 -0.0116
10.23 -0.0141
10.24 -0.0166
10.25 -0.0191
10.26 -0.0215
10.27 -0.0240
10.28 -0.0264
10.29 -0.0289
10.30 -0.0314
10.31 -0.0338
10.32 -0.0362
10.33 -0.0387
10.34 -0.0411
10.35 -0.0435
10.36 -0.0459
10.37 -0.0483
10.38 -0.0507
10.39 -0.0531
10.40 -0.0555
10.41 -0.0579
10.42 -0.0603
10.43 -0.0626
10.44 -0.0650
10.45 -0.0673
10.46 -0.0696
10.47 -0.0720
10.48 -0.0743
10.49 -0.0766
10.50 -0.0789
10.51 -0.0812
10.52 -0.0834
10.53 -0.0857
10.54 -0.0880
10.55 -0.0902
10.56 -0.0924
10.57 -0.0947
10.58 -0.0969
10.59 -0.0991
10.60 -0.1013
10.61 -0.1034
10.62 -0.1056
10.63 -0.1077
10.64 -0.1099
10.65 -0.1120
10.66 -0.1141
10.67 -0.1162
10.68 -0.1183
10.69 -0.1204
10.70 -0.1224
10.71 -0.1245
10.72 -0.1265
10.73 -0.1285
10.74 -0.1305
10.75 -0.1325
10.76 -0.1345
10.77 -0.1364
10.78 -0.1384
10.79 -0.1403
10.80 -0.1422
10.81 -0.1441
10.82 -0.1460
10.83 -0.1478
10.84 -0.1497
10.85 -0.1515
10.86 -0.1533
10.87 -0.1551
10.88 -0.1569
10.89 -0.1586
10.90 -0.1604
10.91 -0.1621
10.92 -0.1638
10.93 -0.1655
10.94 -0.1672
10.95 -0.1688
10.96 -0.1705
10.97 -0.1721
10.98 -0.1737
10.99 -0.1752
11.00 -0.1768
11.01 -0.1784
11.02 -0.1799
11.03 -0.1814
11.04 -0.1829
11.05 -0.1843
11.06 -0.1858
11.07 -0.1872
11.08 -0.1886
11.09 -0.1900
11.10 -0.1913
11.11 -0.1927
11.12 -0.1940
11.13 -0.1953
11.14 -0.1966
11.15 -0.1979
11.16 -0.1991
11.17 -0.2003
11.18 -0.2015
11.19 -0.2027
11.20 -0.2039
11.21 -0.2050
11.22 -0.2061
11.23 -0.2072
11.24 -0.2083
11.25 -0.2093
11.26 -0.2104
11.27 -0.2114
11.28 -0.2124
11.29 -0.2133
11.30 -0.2143
11.31 -0.2152
11.32 -0.2161
11.33 -0.2170
11.34 -0.2178
11.35 -0.2186
11.36 -0.2195
11.37 -0.2202
11.38 -0.2210
11.39 -0.2217
11.40 -0.2225
11.41 -0.2232
11.42 -0.2238
11.43 -0.2245
11.44 -0.2251
11.45 -0.2257
11.46 -0.2263
11.47 -0.2269
11.48 -0.2274
11.49 -0.2279
11.50 -0.2284
11.51 -0.2289
11.52 -0.2293
11.53 -0.2297
11.54 -0.2301
11.55 -0.2305
11.56 -0.2308
11.57 -0.2312
11.58 -0.2315
11.59 -0.2317
11.60 -0.2320
11.61 -0.2322
11.62 -0.2325
11.63 -0.2326
11.64 -0.2328
11.65 -0.2329
11.66 -0.2331
11.67 -0.2332
11.68 -0.2332
11.69 -0.2333
11.70 -0.2333
11.71 -0.2333
11.72 -0.2333
11.73 -0.2332
11.74 -0.2332
11.75 -0.2331
11.76 -0.2330
11.77 -0.2328
11.78 -0.2327
11.79 -0.2325
11.80 -0.2323
11.81 -0.2321
11.82 -0.2318
11.83 -0.2315
11.84 -0.2312
11.85 -0.2309
11.86 -0.2306
11.87 -0.2302
11.88 -0.2298
11.89 -0.2294
11.90 -0.2290
11.91 -0.2285
11.92 -0.2280
11.93 -0.2275
11.94 -0.2270
11.95 -0.2265
11.96 -0.2259
11.97 -0.2253
11.98 -0.2247
11.99 -0.2241
12.00 -0.2234
12.01 -0.2228
12.02 -0.2221
12.03 -0.2213
12.04 -0.2206
12.05 -0.2198
12.06 -0.2191
12.07 -0.2183
12.08 -0.2174
12.09 -0.2166
12.10 -0.2157
12.11 -0.2148
12.12 -0.2139
12.13 -0.2130
12.14 -0.2121
12.15 -0.2111
12.16 -0.2101
12.17 -0.2091
12.18 -0.2081
12.19 -0.2070
12.20 -0.2060
12.21 -0.2049
12.22 -0.2038
12.23 -0.2026
12.24 -0.2015
12.25 -0.2003
12.26 -0.1992
12.27 -0.1980
12.28 -0.1967
12.29 -0.1955
12.30 -0.1942
12.31 -0.1930
12.32 -0.1917
12.33 -0.1904
12.34 -0.1890
12.35 -0.1877
12.36 -0.1863
12.37 -0.1849
12.38 -0.1835
12.39 -0.1821
12.40 -0.1807
12.41 -0.1792
12.42 -0.1778
12.43 -0.1763
12.44 -0.1748
12.45 -0.1733
12.46 -0.1717
12.47 -0.1702
12.48 -0.1686
12.49 -0.1670
12.50 -0.1655
12.51 -0.1638
12.52 -0.1622
12.53 -0.1606
12.54 -0.1589
12.55 -0.1573
12.56 -0.1556
12.57 -0.1539
12.58 -0.1522
12.59 -0.1504
12.60 -0.1487
12.61 -0.1470
12.62 -0.1452
12.63 -0.1434
12.64 -0.1416
12.65 -0.1398
12.66 -0.1380
12.67 -0.1362
12.68 -0.1343
12.69 -0.1325
12.70 -0.1306
12.71 -0.1288
12.72 -0.1269
12.73 -0.1250
12.74 -0.1231
12.75 -0.1211
12.76 -0.1192
12.77 -0.1173
12.78 -0.1153
12.79 -0.1134
12.80 -0.1114
12.81 -0.1094
12.82 -0.1074
12.83 -0.1054
12.84 -0.1034
12.85 -0.1014
12.86 -0.0994
12.87 -0.0974
12.88 -0.0953
12.89 -0.0933
12.90 -0.0912
12.91 -0.0891
12.92 -0.0871
12.93 -0.0850
12.94 -0.0829
12.95 -0.0808
12.96 -0.0787
12.97 -0.0766
12.98 -0.0745
12.99 -0.0724
13.00 -0.0703
13.01 -0.0681
13.02 -0.0660
13.03 -0.0639
13.04 -0.0617
13.05 -0.0596
13.06 -0.0574
13.07 -0.0553
13.08 -0.0531
13.09 -0.0510
13.10 -0.0488
13.11 -0.0466
13.12 -0.0445
13.13 -0.0423
13.14 -0.0401
13.15 -0.0379
13.16 -0.0358
13.17 -0.0336
13.18 -0.0314
13.19 -0.0292
13.20 -0.0270
13.21 -0.0248
13.22 -0.0226
13.23 -0.0205
13.24 -0.0183
13.25 -0.0161
13.26 -0.0139
13.27 -0.0117
13.28 -0.0095
13.29 -0.0073
13.30 -0.0051
13.31 -0.0029
13.32 -0.0008
13.33 0.0014
13.34 0.0036
13.35 0.0058
13.36 0.0080
13.37 0.0101
13.38 0.0123
13.39 0.0145
13.40 0.0166
13.41 0.0188
13.42 0.0210
13.43 0.0231
13.44 0.0253
13.45 0.0274
13.46 0.0296
13.47 0.0317
13.48 0.0338
13.49 0.0360
13.50 0.0381
13.51 0.0402
13.52 0.0423
13.53 0.0444
13.54 0.0465
13.55 0.0486
13.56 0.0507
13.57 0.0528
13.58 0.0549
13.59 0.0569
13.60 0.0590
13.61 0.0611
13.62 0.0631
13.63 0.0651
13.64 0.0672
13.65 0.0692
13.66 0.0712
13.67 0.0732
13.68 0.0752
13.69 0.0772
13.70 0.0792
13.71 0.0812
13.72 0.0831
13.73 0.0851
13.74 0.0870
13.75 0.0889
13.76 0.0909
13.77 0.0928
13.78 0.0947
13.79 0.0966
13.80 0.0984
13.81 0.1003
13.82 0.1022
13.83 0.1040
13.84 0.1058
13.85 0.1076
13.86 0.1095
13.87 0.1113
13.88 0.1130
13.89 0.1148
13.90 0.1166
13.91 0.1183
13.92 0.1200
13.93 0.1218
13.94 0.1235
13.95 0.1252
13.96 0.1268
13.97 0.1285
13.98 0.1302
13.99 0.1318
14.00 0.1334
14.01 0.1350
14.02 0.1366
14.03 0.1382
14.04 0.1398
14.05 0.1413
14.06 0.1428
14.07 0.1444
14.08 0.1459
14.09 0.1473
14.10 0.1488
14.11 0.1503
14.12 0.1517
14.13 0.1531
14.14 0.1545
14.15 0.1559
14.16 0.1573
14.17 0.1587
14.18 0.1600
14.19 0.1613
14.20 0.1626
14.21 0.1639
14.22 0.1652
14.23 0.1665
14.24 0.1677
14.25 0.1689
14.26 0.1701
14.27 0.1713
14.28 0.1725
14.29 0.1736
14.30 0.1748
14.31 0.1759
14.32 0.1770
14.33 0.1780
14.34 0.1791
14.35 0.1801
14.36 0.1812
14.37 0.1822
14.38 0.1831
14.39 0.1841
14.40 0.1851
14.41 0.1860
14.42 0.1869
14.43 0.1878
14.44 0.1886
14.45 0.1895
14.46 0.1903
14.47 0.1911
14.48 0.1919
14.49 0.1927
14.50 0.1934
14.51 0.1942
14.52 0.1949
14.53 0.1956
14.54 0.1963
14.55 0.1969
14.56 0.1975
14.57 0.1982
14.58 0.1987
14.59 0.1993
14.60 0.1999
14.61 0.2004
14.62 0.2009
14.63 0.2014
14.64 0.2019
14.65 0.2023
14.66 0.2027
14.67 0.2032
14.68 0.2035
14.69 0.2039
14.70 0.2043
14.71 0.2046
14.72 0.2049
14.73 0.2052
14.74 0.2054
14.75 0.2057
14.76 0.2059
14.77 0.2061
14.78 0.2063
14.79 0.2065
14.80 0.2066
14.81 0.2067
14.82 0.2068
14.83 0.2069
14.84 0.2070
14.85 0.2070
14.86 0.2070
14.87 0.2070
14.88 0.2070
14.89 0.2069
14.90 0.2069
14.91 0.2068
14.92 0.2067
14.93 0.2066
14.94 0.2064
14.95 0.2062
14.96 0.2061
14.97 0.2058
14.98 0.2056
14.99 0.2054
