0.00 0.0000
0.01 0.0000
0.02 0.0000
0.03 0.0000
0.04 0.0000
0.05 0.0000
0.06 0.0000
0.07 0.0000
0.08 0.0000
0.09 0.0000
0.10 0.0000
0.11 0.0000
0.12 0.0000
0.13 0.0000
0.14 0.0001
0.15 0.0001
0.16 0.0001
0.17 0.0001
0.18 0.0001
0.19 0.0001
0.20 0.0002
0.21 0.0002
0.22 0.0002
0.23 0.0003
0.24 0.0003
0.25 0.0003
0.26 0.0004
0.27 0.0004
0.28 0.0005
0.29 0.0005
0.30 0.0006
0.31 0.0006
0.32 0.0007
0.33 0.0007
0.34 0.0008
0.35 0.0009
0.36 0.0010
0.37 0.0010
0.38 0.0011
0.39 0.0012
0.40 0.0013
0.41 0.0014
0.42 0.0015
0.43 0.0016
0.44 0.0018
0.45 0.0019
0.46 0.0020
0.47 0.0021
0.48 0.0023
0.49 0.0024
0.50 0.0026
0.51 0.0027
0.52 0.0029
0.53 0.0030
0.54 0.0032
0.55 0.0034
0.56 0.0036
0.57 0.0038
0.58 0.0040
0.59 0.0042
0.60 0.0044
0.61 0.0046
0.62 0.0048
0.63 0.0051
0.64 0.0053
0.65 0.0056
0.66 0.0058
0.67 0.0061
0.68 0.0064
0.69 0.0066
0.70 0.0069
0.71 0.0072
0.72 0.0075
0.73 0.0078
0.74 0.0082
0.75 0.0085
0.76 0.0088
0.77 0.0092
0.78 0.0095
0.79 0.0099
0.80 0.0102
0.81 0.0106
0.82 0.0110
0.83 0.0114
0.84 0.0118
0.85 0.0122
0.86 0.0126
0.87 0.0131
0.88 0.0135
0.89 0.0140
0.90 0.0144
0.91 0.0149
0.92 0.0154
0.93 0.0159
0.94 0.0164
0.95 0.0169
0.96 0.0174
0.97 0.0179
0.98 0.0185
0.99 0.0190
1.00 0.0196
1.01 0.0201
1.02 0.0207
1.03 0.0213
1.04 0.0219
1.05 0.0225
1.06 0.0231
1.07 0.0237
1.08 0.0244
1.09 0.0250
1.10 0.0257
1.11 0.0264
1.12 0.0270
1.13 0.0277
1.14 0.0284
1.15 0.0292
1.16 0.0299
1.17 0.0306
1.18 0.0314
1.19 0.0321
1.20 0.0329
1.21 0.0337
1.22 0.0344
1.23 0.0352
1.24 0.0360
1.25 0.0369
1.26 0.0377
1.27 0.0385
1.28 0.0394
1.29 0.0403
1.30 0.0411
1.31 0.0420
1.32 0.0429
1.33 0.0438
1.34 0.0447
1.35 0.0457
1.36 0.0466
1.37 0.0476
1.38 0.0485
1.39 0.0495
1.40 0.0505
1.41 0.0515
1.42 0.0525
1.43 0.0535
1.44 0.0546
1.45 0.0556
1.46 0.0566
1.47 0.0577
1.48 0.0588
1.49 0.0599
1.50 0.0610
1.51 0.0621
1.52 0.0632
1.53 0.0643
1.54 0.0655
1.55 0.0666
1.56 0.0678
1.57 0.0689
1.58 0.0701
1.59 0.0713
1.60 0.0725
1.61 0.0737
1.62 0.0750
1.63 0.0762
1.64 0.0774
1.65 0.0787
1.66 0.0800
1.67 0.0813
1.68 0.0825
1.69 0.0838
1.70 0.0851
1.71 0.0865
1.72 0.0878
1.73 0.0891
1.74 0.0905
1.75 0.0919
1.76 0.0932
1.77 0.0946
1.78 0.0960
1.79 0.0974
1.80 0.0988
1.81 0.1002
1.82 0.1017
1.83 0.1031
1.84 0.1045
1.85 0.1060
1.86 0.1075
1.87 0.1089
1.88 0.1104
1.89 0.1119
1.90 0.1134
1.91 0.1149
1.92 0.1165
1.93 0.1180
1.94 0.1195
1.95 0.1211
1.96 0.1226
1.97 0.1242
1.98 0.1258
1.99 0.1274
2.00 0.1289
2.01 0.1305
2.02 0.1321
2.03 0.1338
2.04 0.1354
2.05 0.1370
2.06 0.1387
2.07 0.1403
2.08 0.1419
2.09 0.1436
2.10 0.1453
2.11 0.1470
2.12 0.1486
2.13 0.1503
2.14 0.1520
2.15 0.1537
2.16 0.1554
2.17 0.1571
2.18 0.1589
2.19 0.1606
2.20 0.1623
2.21 0.1641
2.22 0.1658
2.23 0.1676
2.24 0.1693
2.25 0.1711
2.26 0.1729
2.27 0.1746
2.28 0.1764
2.29 0.1782
2.30 0.1800
2.31 0.1818
2.32 0.1836
2.33 0.1854
2.34 0.1872
2.35 0.1890
2.36 0.1908
2.37 0.1926
2.38 0.1945
2.39 0.1963
2.40 0.1981
2.41 0.1999
2.42 0.2018
2.43 0.2036
2.44 0.2055
2.45 0.2073
2.46 0.2092
2.47 0.2110
2.48 0.2129
2.49 0.2147
2.50 0.2166
2.51 0.2185
2.52 0.2203
2.53 0.2222
2.54 0.2241
2.55 0.2259
2.56 0.2278
2.57 0.2297
2.58 0.2315
2.59 0.2334
2.60 0.2353
2.61 0.2372
2.62 0.2390
2.63 0.2409
2.64 0.2428
2.65 0.2447
2.66 0.2465
2.67 0.2484
2.68 0.2503
2.69 0.2522
2.70 0.2540
2.71 0.2559
2.72 0.2578
2.73 0.2597
2.74 0.2615
2.75 0.2634
2.76 0.2653
2.77 0.2671
2.78 0.2690
2.79 0.2708
2.80 0.2727
2.81 0.2746
2.82 0.2764
2.83 0.2783
2.84 0.2801
2.85 0.2819
2.86 0.2838
2.87 0.2856
2.88 0.2874
2.89 0.2893
2.90 0.2911
2.91 0.2929
2.92 0.2947
2.93 0.2965
2.94 0.2983
2.95 0.3001
2.96 0.3019
2.97 0.3037
2.98 0.3055
2.99 0.3073
3.00 0.3091
3.01 0.3108
3.02 0.3126
3.03 0.3143
3.04 0.3161
3.05 0.3178
3.06 0.3196
3.07 0.3213
3.08 0.3230
3.09 0.3247
3.10 0.3264
3.11 0.3281
3.12 0.3298
3.13 0.3315
3.14 0.3332
3.15 0.3349
3.16 0.3365
3.17 0.3382
3.18 0.3398
3.19 0.3414
3.20 0.3431
3.21 0.3447
3.22 0.3463
3.23 0.3479
3.24 0.3495
3.25 0.3510
3.26 0.3526
3.27 0.3542
3.28 0.3557
3.29 0.3572
3.30 0.3588
3.31 0.3603
3.32 0.3618
3.33 0.3633
3.34 0.3648
3.35 0.3662
3.36 0.3677
3.37 0.3691
3.38 0.3706
3.39 0.3720
3.40 0.3734
3.41 0.3748
3.42 0.3762
3.43 0.3775
3.44 0.3789
3.45 0.3802
3.46 0.3816
3.47 0.3829
3.48 0.3842
3.49 0.3855
3.50 0.3868
3.51 0.3880
3.52 0.3893
3.53 0.3905
3.54 0.3917
3.55 0.3929
3.56 0.3941
3.57 0.3953
3.58 0.3965
3.59 0.3976
3.60 0.3988
3.61 0.3999
3.62 0.4010
3.63 0.4021
3.64 0.4031
3.65 0.4042
3.66 0.4052
3.67 0.4063
3.68 0.4073
3.69 0.4083
3.70 0.4092
3.71 0.4102
3.72 0.4111
3.73 0.4120
3.74 0.4130
3.75 0.4138
3.76 0.4147
3.77 0.4156
3.78 0.4164
3.79 0.4172
3.80 0.4180
3.81 0.4188
3.82 0.4196
3.83 0.4203
3.84 0.4211
3.85 0.4218
3.86 0.4225
3.87 0.4231
3.88 0.4238
3.89 0.4244
3.90 0.4250
3.91 0.4256
3.92 0.4262
3.93 0.4268
3.94 0.4273
3.95 0.4279
3.96 0.4284
3.97 0.4288
3.98 0.4293
3.99 0.4297
4.00 0.4302
4.01 0.4306
4.02 0.4310
4.03 0.4313
4.04 0.4317
4.05 0.4320
4.06 0.4323
4.07 0.4326
4.08 0.4328
4.09 0.4331
4.10 0.4333
4.11 0.4335
4.12 0.4337
4.13 0.4339
4.14 0.4340
4.15 0.4341
4.16 0.4342
4.17 0.4343
4.18 0.4343
4.19 0.4344
4.20 0.4344
4.21 0.4344
4.22 0.4344
4.23 0.4343
4.24 0.4342
4.25 0.4341
4.26 0.4340
4.27 0.4339
4.28 0.4337
4.29 0.4336
4.30 0.4333
4.31 0.4331
4.32 0.4329
4.33 0.4326
4.34 0.4323
4.35 0.4320
4.36 0.4317
4.37 0.4313
4.38 0.4309
4.39 0.4305
4.40 0.4301
4.41 0.4297
4.42 0.4292
4.43 0.4287
4.44 0.4282
4.45 0.4277
4.46 0.4271
4.47 0.4266
4.48 0.4260
4.49 0.4253
4.50 0.4247
4.51 0.4240
4.52 0.4234
4.53 0.4226
4.54 0.4219
4.55 0.4212
4.56 0.4204
4.57 0.4196
4.58 0.4188
4.59 0.4179
4.60 0.4171
4.61 0.4162
4.62 0.4153
4.63 0.4143
4.64 0.4134
4.65 0.4124
4.66 0.4114
4.67 0.4104
4.68 0.4094
4.69 0.4083
4.70 0.4072
4.71 0.4061
4.72 0.4050
4.73 0.4038
4.74 0.4027
4.75 0.4015
4.76 0.4003
4.77 0.3990
4.78 0.3978
4.79 0.3965
4.80 0.3952
4.81 0.3939
4.82 0.3925
4.83 0.3912
4.84 0.3898
4.85 0.3884
4.86 0.3870
4.87 0.3855
4.88 0.3841
4.89 0.3826
4.90 0.3811
4.91 0.3795
4.92 0.3780
4.93 0.3764
4.94 0.3748
4.95 0.3732
4.96 0.3716
4.97 0.3699
4.98 0.3682
4.99 0.3665
5.00 0.3648
5.01 0.3631
5.02 0.3613
5.03 0.3596
5.04 0.3578
5.05 0.3560
5.06 0.3541
5.07 0.3523
5.08 0.3504
5.09 0.3485
5.10 0.3466
5.11 0.3447
5.12 0.3427
5.13 0.3408
5.14 0.3388
5.15 0.3368
5.16 0.3348
5.17 0.3327
5.18 0.3307
5.19 0.3286
5.20 0.3265
5.21 0.3244
5.22 0.3223
5.23 0.3201
5.24 0.3180
5.25 0.3158
5.26 0.3136
5.27 0.3114
5.28 0.3091
5.29 0.3069
5.30 0.3046
5.31 0.3024
5.32 0.3001
5.33 0.2977
5.34 0.2954
5.35 0.2931
5.36 0.2907
5.37 0.2883
5.38 0.2859
5.39 0.2835
5.40 0.2811
5.41 0.2787
5.42 0.2762
5.43 0.2738
5.44 0.2713
5.45 0.2688
5.46 0.2663
5.47 0.2638
5.48 0.2612
5.49 0.2587
5.50 0.2561
5.51 0.2535
5.52 0.2509
5.53 0.2483
5.54 0.2457
5.55 0.2431
5.56 0.2405
5.57 0.2378
5.58 0.2351
5.59 0.2325
5.60 0.2298
5.61 0.2271
5.62 0.2244
5.63 0.2216
5.64 0.2189
5.65 0.2162
5.66 0.2134
5.67 0.2106
5.68 0.2079
5.69 0.2051
5.70 0.2023
5.71 0.1995
5.72 0.1967
5.73 0.1938
5.74 0.1910
5.75 0.1882
5.76 0.1853
5.77 0.1824
5.78 0.1796
5.79 0.1767
5.80 0.1738
5.81 0.1709
5.82 0.1680
5.83 0.1651
5.84 0.1622
5.85 0.1593
5.86 0.1563
5.87 0.1534
5.88 0.1505
5.89 0.1475
5.90 0.1446
5.91 0.1416
5.92 0.1386
5.93 0.1357
5.94 0.1327
5.95 0.1297
5.96 0.1267
5.97 0.1237
5.98 0.1208
5.99 0.1178
6.00 0.1148
6.01 0.1118
6.02 0.1087
6.03 0.1057
6.04 0.1027
6.05 0.0997
6.06 0.0967
6.07 0.0937
6.08 0.0906
6.09 0.0876
6.10 0.0846
6.11 0.0816
6.12 0.0785
6.13 0.0755
6.14 0.0725
6.15 0.0694
6.16 0.0664
6.17 0.0634
6.18 0.0603
6.19 0.0573
6.20 0.0543
6.21 0.0512
6.22 0.0482
6.23 0.0452
6.24 0.0422
6.25 0.0391
6.26 0.0361
6.27 0.0331
6.28 0.0301
6.29 0.0270
6.30 0.0240
6.31 0.0210
6.32 0.0180
6.33 0.0150
6.34 0.0120
6.35 0.0090
6.36 0.0060
6.37 0.0030
6.38 0.0000
6.39 -0.0029
6.40 -0.0059
6.41 -0.0089
6.42 -0.0119
6.43 -0.0148
6.44 -0.0178
6.45 -0.0207
6.46 -0.0237
6.47 -0.0266
6.48 -0.0295
6.49 -0.0324
6.50 -0.0354
6.51 -0.0383
6.52 -0.0412
6.53 -0.0441
6.54 -0.0469
6.55 -0.0498
6.56 -0.0527
6.57 -0.0556
6.58 -0.0584
6.59 -0.0612
6.60 -0.0641
6.61 -0.0669
6.62 -0.0697
6.63 -0.0725
6.64 -0.0753
6.65 -0.0781
6.66 -0.0809
6.67 -0.0836
6.68 -0.0864
6.69 -0.0891
6.70 -0.0919
6.71 -0.0946
6.72 -0.0973
6.73 -0.1000
6.74 -0.1027
6.75 -0.1053
6.76 -0.1080
6.77 -0.1106
6.78 -0.1133
6.79 -0.1159
6.80 -0.1185
6.81 -0.1211
6.82 -0.1237
6.83 -0.1262
6.84 -0.1288
6.85 -0.1313
6.86 -0.1338
6.87 -0.1364
6.88 -0.1388
6.89 -0.1413
6.90 -0.1438
6.91 -0.1462
6.92 -0.1487
6.93 -0.1511
6.94 -0.1535
6.95 -0.1559
6.96 -0.1583
6.97 -0.1606
6.98 -0.1629
6.99 -0.1653
7.00 -0.1676
7.01 -0.1699
7.02 -0.1721
7.03 -0.1744
7.04 -0.1766
7.05 -0.1788
7.06 -0.1810
7.07 -0.1832
7.08 -0.1854
7.09 -0.1875
7.10 -0.1897
7.11 -0.1918
7.12 -0.1939
7.13 -0.1959
7.14 -0.1980
7.15 -0.2000
7.16 -0.2020
7.17 -0.2040
7.18 -0.2060
7.19 -0.2079
7.20 -0.2099
7.21 -0.2118
7.22 -0.2137
7.23 -0.2156
7.24 -0.2174
7.25 -0.2193
7.26 -0.2211
7.27 -0.2229
7.28 -0.2246
7.29 -0.2264
7.30 -0.2281
7.31 -0.2298
7.32 -0.2315
7.33 -0.2332
7.34 -0.2348
7.35 -0.2364
7.36 -0.2380
7.37 -0.2396
7.38 -0.2412
7.39 -0.2427
7.40 -0.2442
7.41 -0.2457
7.42 -0.2472
7.43 -0.2486
7.44 -0.2500
7.45 -0.2514
7.46 -0.2528
7.47 -0.2542
7.48 -0.2555
7.49 -0.2568
7.50 -0.2581
7.51 -0.2593
7.52 -0.2606
7.53 -0.2618
7.54 -0.2630
7.55 -0.2641
7.56 -0.2653
7.57 -0.2664
7.58 -0.2675
7.59 -0.2685
7.60 -0.2696
7.61 -0.2706
7.62 -0.2716
7.63 -0.2726
7.64 -0.2735
7.65 -0.2745
7.66 -0.2754
7.67 -0.2762
7.68 -0.2771
7.69 -0.2779
7.70 -0.2787
7.71 -0.2795
7.72 -0.2802
7.73 -0.2810
7.74 -0.2817
7.75 -0.2823
7.76 -0.2830
7.77 -0.2836
7.78 -0.2842
7.79 -0.2848
7.80 -0.2853
7.81 -0.2859
7.82 -0.2864
7.83 -0.2869
7.84 -0.2873
7.85 -0.2877
7.86 -0.2881
7.87 -0.2885
7.88 -0.2889
7.89 -0.2892
7.90 -0.2895
7.91 -0.2898
7.92 -0.2900
7.93 -0.2903
7.94 -0.2905
7.95 -0.2906
7.96 -0.2908
7.97 -0.2909
7.98 -0.2910
7.99 -0.2911
8.00 -0.2911
8.01 -0.2912
8.02 -0.2912
8.03 -0.2911
8.04 -0.2911
8.05 -0.2910
8.06 -0.2909
8.07 -0.2908
8.08 -0.2906
8.09 -0.2905
8.10 -0.2903
8.11 -0.2900
8.12 -0.2898
8.13 -0.2895
8.14 -0.2892
8.15 -0.2889
8.16 -0.2885
8.17 -0.2882
8.18 -0.2878
8.19 -0.2874
8.20 -0.2869
8.21 -0.2864
8.22 -0.2860
8.23 -0.2854
8.24 -0.2849
8.25 -0.2843
8.26 -0.2837
8.27 -0.2831
8.28 -0.2825
8.29 -0.2818
8.30 -0.2811
8.31 -0.2804
8.32 -0.2797
8.33 -0.2789
8.34 -0.2782
8.35 -0.2774
8.36 -0.2765
8.37 -0.2757
8.38 -0.2748
8.39 -0.2739
8.40 -0.2730
8.41 -0.2721
8.42 -0.2711
8.43 -0.2701
8.44 -0.2691
8.45 -0.2681
8.46 -0.2670
8.47 -0.2660
8.48 -0.2649
8.49 -0.2637
8.50 -0.2626
8.51 -0.2614
8.52 -0.2603
8.53 -0.2591
8.54 -0.2578
8.55 -0.2566
8.56 -0.2553
8.57 -0.2540
8.58 -0.2527
8.59 -0.2514
8.60 -0.2500
8.61 -0.2487
8.62 -0.2473
8.63 -0.2459
8.64 -0.2444
8.65 -0.2430
8.66 -0.2415
8.67 -0.2400
8.68 -0.2385
8.69 -0.2370
8.70 -0.2354
8.71 -0.2339
8.72 -0.2323
8.73 -0.2307
8.74 -0.2291
8.75 -0.2274
8.76 -0.2258
8.77 -0.2241
8.78 -0.2224
8.79 -0.2207
8.80 -0.2189
8.81 -0.2172
8.82 -0.2154
8.83 -0.2136
8.84 -0.2118
8.85 -0.2100
8.86 -0.2082
8.87 -0.2064
8.88 -0.2045
8.89 -0.2026
8.90 -0.2007
8.91 -0.1988
8.92 -0.1969
8.93 -0.1949
8.94 -0.1930
8.95 -0.1910
8.96 -0.1890
8.97 -0.1870
8.98 -0.1850
8.99 -0.1830
9.00 -0.1809
9.01 -0.1789
9.02 -0.1768
9.03 -0.1747
9.04 -0.1726
9.05 -0.1705
9.06 -0.1684
9.07 -0.1662
9.08 -0.1641
9.09 -0.1619
9.10 -0.1597
9.11 -0.1576
9.12 -0.1554
9.13 -0.1531
9.14 -0.1509
9.15 -0.1487
9.16 -0.1465
9.17 -0.1442
9.18 -0.1419
9.19 -0.1397
9.20 -0.1374
9.21 -0.1351
9.22 -0.1328
9.23 -0.1305
9.24 -0.1281
9.25 -0.1258
9.26 -0.1235
9.27 -0.1211
9.28 -0.1188
9.29 -0.1164
9.30 -0.1140
9.31 -0.1117
9.32 -0.1093
9.33 -0.1069
9.34 -0.1045
9.35 -0.1021
9.36 -0.0997
9.37 -0.0972
9.38 -0.0948
9.39 -0.0924
9.40 -0.0899
9.41 -0.0875
9.42 -0.0850
9.43 -0.0826
9.44 -0.0801
9.45 -0.0777
9.46 -0.0752
9.47 -0.0727
9.48 -0.0702
9.49 -0.0678
9.50 -0.0653
9.51 -0.0628
9.52 -0.0603
9.53 -0.0578
9.54 -0.0553
9.55 -0.0528
9.56 -0.0503
9.57 -0.0478
9.58 -0.0453
9.59 -0.0428
9.60 -0.0403
9.61 -0.0378
9.62 -0.0353
9.63 -0.0328
9.64 -0.0303
9.65 -0.0278
9.66 -0.0253
9.67 -0.0227
9.68 -0.0202
9.69 -0.0177
9.70 -0.0152
9.71 -0.0127
9.72 -0.0102
9.73 -0.0077
9.74 -0.0052
9.75 -0.0027
9.76 -0.0002
9.77 0.0023
9.78 0.0048
9.79 0.0072
9.80 0.0097
9.81 0.0122
9.82 0.0147
9.83 0.0172
9.84 0.0196
9.85 0.0221
9.86 0.0246
9.87 0.0270
9.88 0.0295
9.89 0.0319
9.90 0.0344
9.91 0.0368
9.92 0.0392
9.93 0.0416
9.94 0.0441
9.95 0.0465
9.96 0.0489
9.97 0.0513
9.98 0.0537
9.99 0.0560
10.00 0.0584
10.01 0.0608
10.02 0.0631
10.03 0.0655
10.04 0.0678
10.05 0.0702
10.06 0.0725
10.07 0.0748
10.08 0.0771
10.09 0.0794
10.10 0.0817
10.11 0.0840
10.12 0.0863
10.13 0.0885
10.14 0.0908
10.15 0.0930
10.16 0.0952
10.17 0.0974
10.18 0.0996
10.19 0.1018
10.20 0.1040
10.21 0.1062
10.22 0.1084
10.23 0.1105
10.24 0.1126
10.25 0.1148
10.26 0.1169
10.27 0.1190
10.28 0.1211
10.29 0.1231
10.30 0.1252
10.31 0.1272
10.32 0.1293
10.33 0.1313
10.34 0.1333
10.35 0.1353
10.36 0.1372
10.37 0.1392
10.38 0.1412
10.39 0.1431
10.40 0.1450
10.41 0.1469
10.42 0.1488
10.43 0.1507
10.44 0.1525
10.45 0.1544
10.46 0.1562
10.47 0.1580
10.48 0.1598
10.49 0.1615
10.50 0.1633
10.51 0.1650
10.52 0.1668
10.53 0.1685
10.54 0.1702
10.55 0.1718
10.56 0.1735
10.57 0.1751
10.58 0.1768
10.59 0.1784
10.60 0.1799
10.61 0.1815
10.62 0.1831
10.63 0.1846
10.64 0.1861
10.65 0.1876
10.66 0.1891
10.67 0.1905
10.68 0.1920
10.69 0.1934
10.70 0.1948
10.71 0.1962
10.72 0.1975
10.73 0.1989
10.74 0.2002
10.75 0.2015
10.76 0.2028
10.77 0.2040
10.78 0.2053
10.79 0.2065
10.80 0.2077
10.81 0.2089
10.82 0.2100
10.83 0.2112
10.84 0.2123
10.85 0.2134
10.86 0.2145
10.87 0.2155
10.88 0.2166
10.89 0.2176
10.90 0.2186
10.91 0.2196
10.92 0.2205
10.93 0.2214
10.94 0.2223
10.95 0.2232
10.96 0.2241
10.97 0.2250
10.98 0.2258
10.99 0.2266
11.00 0.2274
11.01 0.2281
11.02 0.2289
11.03 0.2296
11.04 0.2303
11.05 0.2309
11.06 0.2316
11.07 0.2322
11.08 0.2328
11.09 0.2334
11.10 0.2340
11.11 0.2345
11.12 0.2350
11.13 0.2355
11.14 0.2360
11.15 0.2364
11.16 0.2369
11.17 0.2373
11.18 0.2377
11.19 0.2380
11.20 0.2384
11.21 0.2387
11.22 0.2390
11.23 0.2392
11.24 0.2395
11.25 0.2397
11.26 0.2399
11.27 0.2401
11.28 0.2403
11.29 0.2404
11.30 0.2405
11.31 0.2406
11.32 0.2407
11.33 0.2407
11.34 0.2407
11.35 0.2407
11.36 0.2407
11.37 0.2407
11.38 0.2406
11.39 0.2405
11.40 0.2404
11.41 0.2403
11.42 0.2401
11.43 0.2399
11.44 0.2397
11.45 0.2395
11.46 0.2393
11.47 0.2390
11.48 0.2387
11.49 0.2384
11.50 0.2381
11.51 0.2377
11.52 0.2374
11.53 0.2370
11.54 0.2365
11.55 0.2361
11.56 0.2356
11.57 0.2352
11.58 0.2347
11.59 0.2341
11.60 0.2336
11.61 0.2330
11.62 0.2324
11.63 0.2318
11.64 0.2312
11.65 0.2305
11.66 0.2299
11.67 0.2292
11.68 0.2284
11.69 0.2277
11.70 0.2269
11.71 0.2262
11.72 0.2254
11.73 0.2246
11.74 0.2237
11.75 0.2229
11.76 0.2220
11.77 0.2211
11.78 0.2202
11.79 0.2192
11.80 0.2183
11.81 0.2173
11.82 0.2163
11.83 0.2153
11.84 0.2142
11.85 0.2132
11.86 0.2121
11.87 0.2110
11.88 0.2099
11.89 0.2088
11.90 0.2076
11.91 0.2064
11.92 0.2053
11.93 0.2040
11.94 0.2028
11.95 0.2016
11.96 0.2003
11.97 0.1990
11.98 0.1978
11.99 0.1964
12.00 0.1951
12.01 0.1938
12.02 0.1924
12.03 0.1910
12.04 0.1896
12.05 0.1882
12.06 0.1868
12.07 0.1853
12.08 0.1839
12.09 0.1824
12.10 0.1809
12.11 0.1794
12.12 0.1779
12.13 0.1763
12.14 0.1748
12.15 0.1732
12.16 0.1716
12.17 0.1700
12.18 0.1684
12.19 0.1668
12.20 0.1651
12.21 0.1635
12.22 0.1618
12.23 0.1601
12.24 0.1584
12.25 0.1567
12.26 0.1550
12.27 0.1532
12.28 0.1515
12.29 0.1497
12.30 0.1479
12.31 0.1461
12.32 0.1443
12.33 0.1425
12.34 0.1407
12.35 0.1388
12.36 0.1370
12.37 0.1351
12.38 0.1333
12.39 0.1314
12.40 0.1295
12.41 0.1276
12.42 0.1257
12.43 0.1237
12.44 0.1218
12.45 0.1198
12.46 0.1179
12.47 0.1159
12.48 0.1139
12.49 0.1120
12.50 0.1100
12.51 0.1080
12.52 0.1060
12.53 0.1039
12.54 0.1019
12.55 0.0999
12.56 0.0978
12.57 0.0958
12.58 0.0937
12.59 0.0917
12.60 0.0896
12.61 0.0875
12.62 0.0854
12.63 0.0833
12.64 0.0812
12.65 0.0791
12.66 0.0770
12.67 0.0749
12.68 0.0728
12.69 0.0707
12.70 0.0685
12.71 0.0664
12.72 0.0642
12.73 0.0621
12.74 0.0600
12.75 0.0578
12.76 0.0556
12.77 0.0535
12.78 0.0513
12.79 0.0491
12.80 0.0470
12.81 0.0448
12.82 0.0426
12.83 0.0405
12.84 0.0383
12.85 0.0361
12.86 0.0339
12.87 0.0317
12.88 0.0295
12.89 0.0273
12.90 0.0252
12.91 0.0230
12.92 0.0208
12.93 0.0186
12.94 0.0164
12.95 0.0142
12.96 0.0120
12.97 0.0098
12.98 0.0076
12.99 0.0055
13.00 0.0033
13.01 0.0011
13.02 -0.0011
13.03 -0.0033
13.04 -0.0055
13.05 -0.0076
13.06 -0.0098
13.07 -0.0120
13.08 -0.0141
13.09 -0.0163
13.10 -0.0185
13.11 -0.0206
13.12 -0.0228
13.13 -0.0249
13.14 -0.0271
13.15 -0.0292
13.16 -0.0314
13.17 -0.0335
13.18 -0.0356
13.19 -0.0378
13.20 -0.0399
13.21 -0.0420
13.22 -0.0441
13.23 -0.0462
13.24 -0.0483
13.25 -0.0504
13.26 -0.0525
13.27 -0.0546
13.28 -0.0566
13.29 -0.0587
13.30 -0.0608
13.31 -0.0628
13.32 -0.0648
13.33 -0.0669
13.34 -0.0689
13.35 -0.0709
13.36 -0.0729
13.37 -0.0749
13.38 -0.0769
13.39 -0.0789
13.40 -0.0809
13.41 -0.0829
13.42 -0.0848
13.43 -0.0868
13.44 -0.0887
13.45 -0.0906
13.46 -0.0926
13.47 -0.0945
13.48 -0.0964
13.49 -0.0982
13.50 -0.1001
13.51 -0.1020
13.52 -0.1038
13.53 -0.1057
13.54 -0.1075
13.55 -0.1093
13.56 -0.1111
13.57 -0.1129
13.58 -0.1147
13.59 -0.1165
13.60 -0.1183
13.61 -0.1200
13.62 -0.1217
13.63 -0.1235
13.64 -0.1252
13.65 -0.1269
13.66 -0.1285
13.67 -0.1302
13.68 -0.1319
13.69 -0.1335
13.70 -0.1351
13.71 -0.1368
13.72 -0.1384
13.73 -0.1399
13.74 -0.1415
13.75 -0.1431
13.76 -0.1446
13.77 -0.1461
13.78 -0.1476
13.79 -0.1491
13.80 -0.1506
13.81 -0.1521
13.82 -0.1535
13.83 -0.1550
13.84 -0.1564
13.85 -0.1578
13.86 -0.1592
13.87 -0.1605
13.88 -0.1619
13.89 -0.1632
13.90 -0.1646
13.91 -0.1659
13.92 -0.1672
13.93 -0.1684
13.94 -0.1697
13.95 -0.1709
13.96 -0.1721
13.97 -0.1733
13.98 -0.1745
13.99 -0.1757
14.00 -0.1768
14.01 -0.1780
14.02 -0.1791
14.03 -0.1802
14.04 -0.1813
14.05 -0.1823
14.06 -0.1834
14.07 -0.1844
14.08 -0.1854
14.09 -0.1864
14.10 -0.1873
14.11 -0.1883
14.12 -0.1892
14.13 -0.1901
14.14 -0.1910
14.15 -0.1919
14.16 -0.1928
14.17 -0.1936
14.18 -0.1944
14.19 -0.1952
14.20 -0.1960
14.21 -0.1968
14.22 -0.1975
14.23 -0.1982
14.24 -0.1989
14.25 -0.1996
14.26 -0.2003
14.27 -0.2009
14.28 -0.2015
14.29 -0.2021
14.30 -0.2027
14.31 -0.2033
14.32 -0.2038
14.33 -0.2044
14.34 -0.2049
14.35 -0.2054
14.36 -0.2058
14.37 -0.2063
14.38 -0.2067
14.39 -0.2071
14.40 -0.2075
14.41 -0.2078
14.42 -0.2082
14.43 -0.2085
14.44 -0.2088
14.45 -0.2091
14.46 -0.2094
14.47 -0.2096
14.48 -0.2098
14.49 -0.2100
14.50 -0.2102
14.51 -0.2104
14.52 -0.2105
14.53 -0.2107
14.54 -0.2108
14.55 -0.2108
14.56 -0.2109
14.57 -0.2109
14.58 -0.2110
14.59 -0.2110
14.60 -0.2109
14.61 -0.2109
14.62 -0.2108
14.63 -0.2108
14.64 -0.2107
14.65 -0.2105
14.66 -0.2104
14.67 -0.2102
14.68 -0.2101
14.69 -0.2099
14.70 -0.2096
14.71 -0.2094
14.72 -0.2091
14.73 -0.2089
14.74 -0.2086
14.75 -0.2083
14.76 -0.2079
14.77 -0.2076
14.78 -0.2072
14.79 -0.2068
14.80 -0.2064
14.81 -0.2059
14.82 -0.2055
14.83 -0.2050
14.84 -0.2045
14.85 -0.2040
14.86 -0.2034
14.87 -0.2029
14.88 -0.2023
14.89 -0.2017
14.90 -0.2011
14.91 -0.2005
14.92 -0.1998
14.93 -0.1992
14.94 -0.1985
14.95 -0.1978
14.96 -0.1971
14.97 -0.1963
14.98 -0.1956
14.99 -0.1948
