0.00 1.0000
0.01 1.0000
0.02 0.9999
0.03 0.9998
0.04 0.9996
0.05 0.9994
0.06 0.9991
0.07 0.9988
0.08 0.9984
0.09 0.9980
0.10 0.9975
0.11 0.9970
0.12 0.9964
0.13 0.9958
0.14 0.9951
0.15 0.9944
0.16 0.9936
0.17 0.9928
0.18 0.9919
0.19 0.9910
0.20 0.9900
0.21 0.9890
0.22 0.9879
0.23 0.9868
0.24 0.9857
0.25 0.9844
0.26 0.9832
0.27 0.9819
0.28 0.9805
0.29 0.9791
0.30 0.9776
0.31 0.9761
0.32 0.9746
0.33 0.9730
0.34 0.9713
0.35 0.9696
0.36 0.9679
0.37 0.9661
0.38 0.9642
0.39 0.9623
0.40 0.9604
0.41 0.9584
0.42 0.9564
0.43 0.9543
0.44 0.9522
0.45 0.9500
0.46 0.9478
0.47 0.9455
0.48 0.9432
0.49 0.9409
0.50 0.9385
0.51 0.9360
0.52 0.9335
0.53 0.9310
0.54 0.9284
0.55 0.9258
0.56 0.9231
0.57 0.9204
0.58 0.9177
0.59 0.9149
0.60 0.9120
0.61 0.9091
0.62 0.9062
0.63 0.9032
0.64 0.9002
0.65 0.8971
0.66 0.8940
0.67 0.8909
0.68 0.8877
0.69 0.8845
0.70 0.8812
0.71 0.8779
0.72 0.8745
0.73 0.8711
0.74 0.8677
0.75 0.8642
0.76 0.8607
0.77 0.8572
0.78 0.8536
0.79 0.8500
0.80 0.8463
0.81 0.8426
0.82 0.8388
0.83 0.8351
0.84 0.8312
0.85 0.8274
0.86 0.8235
0.87 0.8195
0.88 0.8156
0.89 0.8116
0.90 0.8075
0.91 0.8034
0.92 0.7993
0.93 0.7952
0.94 0.7910
0.95 0.7868
0.96 0.7825
0.97 0.7783
0.98 0.7739
0.99 0.7696
1.00 0.7652
1.01 0.7608
1.02 0.7563
1.03 0.7519
1.04 0.7473
1.05 0.7428
1.06 0.7382
1.07 0.7336
1.08 0.7290
1.09 0.7243
1.10 0.7196
1.11 0.7149
1.12 0.7101
1.13 0.7054
1.14 0.7006
1.15 0.6957
1.16 0.6909
1.17 0.6860
1.18 0.6810
1.19 0.6761
1.20 0.6711
1.21 0.6661
1.22 0.6611
1.23 0.6561
1.24 0.6510
1.25 0.6459
1.26 0.6408
1.27 0.6356
1.28 0.6305
1.29 0.6253
1.30 0.6201
1.31 0.6149
1.32 0.6096
1.33 0.6043
1.34 0.5990
1.35 0.5937
1.36 0.5884
1.37 0.5830
1.38 0.5777
1.39 0.5723
1.40 0.5669
1.41 0.5614
1.42 0.5560
1.43 0.5505
1.44 0.5450
1.45 0.5395
1.46 0.5340
1.47 0.5285
1.48 0.5230
1.49 0.5174
1.50 0.5118
1.51 0.5062
1.52 0.5006
1.53 0.4950
1.54 0.4894
1.55 0.4838
1.56 0.4781
1.57 0.4725
1.58 0.4668
1.59 0.4611
1.60 0.4554
1.61 0.4497
1.62 0.4440
1.63 0.4383
1.64 0.4325
1.65 0.4268
1.66 0.4210
1.67 0.4153
1.68 0.4095
1.69 0.4038
1.70 0.3980
1.71 0.3922
1.72 0.3864
1.73 0.3806
1.74 0.3748
1.75 0.3690
1.76 0.3632
1.77 0.3574
1.78 0.3516
1.79 0.3458
1.80 0.3400
1.81 0.3342
1.82 0.3284
1.83 0.3225
1.84 0.3167
1.85 0.3109
1.86 0.3051
1.87 0.2993
1.88 0.2934
1.89 0.2876
1.90 0.2818
1.91 0.2760
1.92 0.2702
1.93 0.2644
1.94 0.2586
1.95 0.2528
1.96 0.2470
1.97 0.2412
1.98 0.2354
1.99 0.2297
2.00 0.2239
2.01 0.2181
2.02 0.2124
2.03 0.2066
2.04 0.2009
2.05 0.1951
2.06 0.1894
2.07 0.1837
2.08 0.1780
2.09 0.1723
2.10 0.1666
2.11 0.1609
2.12 0.1553
2.13 0.1496
2.14 0.1440
2.15 0.1383
2.16 0.1327
2.17 0.1271
2.18 0.1215
2.19 0.1159
2.20 0.1104
2.21 0.1048
2.22 0.0993
2.23 0.0937
2.24 0.0882
2.25 0.0828
2.26 0.0773
2.27 0.0718
2.28 0.0664
2.29 0.0609
2.30 0.0555
2.31 0.0502
2.32 0.0448
2.33 0.0394
2.34 0.0341
2.35 0.0288
2.36 0.0235
2.37 0.0182
2.38 0.0130
2.39 0.0077
2.40 0.0025
2.41 -0.0027
2.42 -0.0079
2.43 -0.0130
2.44 -0.0181
2.45 -0.0232
2.46 -0.0283
2.47 -0.0334
2.48 -0.0384
2.49 -0.0434
2.50 -0.0484
2.51 -0.0533
2.52 -0.0583
2.53 -0.0632
2.54 -0.0681
2.55 -0.0729
2.56 -0.0778
2.57 -0.0826
2.58 -0.0873
2.59 -0.0921
2.60 -0.0968
2.61 -0.1015
2.62 -0.1062
2.63 -0.1108
2.64 -0.1154
2.65 -0.1200
2.66 -0.1245
2.67 -0.1291
2.68 -0.1336
2.69 -0.1380
2.70 -0.1424
2.71 -0.1468
2.72 -0.1512
2.73 -0.1556
2.74 -0.1599
2.75 -0.1641
2.76 -0.1684
2.77 -0.1726
2.78 -0.1768
2.79 -0.1809
2.80 -0.1850
2.81 -0.1891
2.82 -0.1932
2.83 -0.1972
2.84 -0.2012
2.85 -0.2051
2.86 -0.2090
2.87 -0.2129
2.88 -0.2167
2.89 -0.2205
2.90 -0.2243
2.91 -0.2280
2.92 -0.2317
2.93 -0.2354
2.94 -0.2390
2.95 -0.2426
2.96 -0.2462
2.97 -0.2497
2.98 -0.2532
2.99 -0.2566
3.00 -0.2601
3.01 -0.2634
3.02 -0.2668
3.03 -0.2701
3.04 -0.2733
3.05 -0.2765
3.06 -0.2797
3.07 -0.2829
3.08 -0.2860
3.09 -0.2890
3.10 -0.2921
3.11 -0.2951
3.12 -0.2980
3.13 -0.3009
3.14 -0.3038
3.15 -0.3066
3.16 -0.3094
3.17 -0.3122
3.18 -0.3149
3.19 -0.3176
3.20 -0.3202
3.21 -0.3228
3.22 -0.3253
3.23 -0.3278
3.24 -0.3303
3.25 -0.3327
3.26 -0.3351
3.27 -0.3375
3.28 -0.3398
3.29 -0.3421
3.30 -0.3443
3.31 -0.3465
3.32 -0.3486
3.33 -0.3507
3.34 -0.3528
3.35 -0.3548
3.36 -0.3568
3.37 -0.3587
3.38 -0.3606
3.39 -0.3625
3.40 -0.3643
3.41 -0.3661
3.42 -0.3678
3.43 -0.3695
3.44 -0.3711
3.45 -0.3727
3.46 -0.3743
3.47 -0.3758
3.48 -0.3773
3.49 -0.3787
3.50 -0.3801
3.51 -0.3815
3.52 -0.3828
3.53 -0.3841
3.54 -0.3853
3.55 -0.3865
3.56 -0.3876
3.57 -0.3887
3.58 -0.3898
3.59 -0.3908
3.60 -0.3918
3.61 -0.3927
3.62 -0.3936
3.63 -0.3944
3.64 -0.3953
3.65 -0.3960
3.66 -0.3967
3.67 -0.3974
3.68 -0.3981
3.69 -0.3987
3.70 -0.3992
3.71 -0.3997
3.72 -0.4002
3.73 -0.4007
3.74 -0.4011
3.75 -0.4014
3.76 -0.4017
3.77 -0.4020
3.78 -0.4022
3.79 -0.4024
3.80 -0.4026
3.81 -0.4027
3.82 -0.4027
3.83 -0.4028
3.84 -0.4027
3.85 -0.4027
3.86 -0.4026
3.87 -0.4025
3.88 -0.4023
3.89 -0.4021
3.90 -0.4018
3.91 -0.4015
3.92 -0.4012
3.93 -0.4008
3.94 -0.4004
3.95 -0.4000
3.96 -0.3995
3.97 -0.3990
3.98 -0.3984
3.99 -0.3978
4.00 -0.3972
4.01 -0.3965
4.02 -0.3958
4.03 -0.3950
4.04 -0.3942
4.05 -0.3934
4.06 -0.3925
4.07 -0.3916
4.08 -0.3907
4.09 -0.3897
4.10 -0.3887
4.11 -0.3876
4.12 -0.3865
4.13 -0.3854
4.14 -0.3843
4.15 -0.3831
4.16 -0.3818
4.17 -0.3806
4.18 -0.3793
4.19 -0.3779
4.20 -0.3766
4.21 -0.3752
4.22 -0.3737
4.23 -0.3722
4.24 -0.3707
4.25 -0.3692
4.26 -0.3676
4.27 -0.3660
4.28 -0.3644
4.29 -0.3627
4.30 -0.3610
4.31 -0.3593
4.32 -0.3575
4.33 -0.3557
4.34 -0.3539
4.35 -0.3520
4.36 -0.3501
4.37 -0.3482
4.38 -0.3463
4.39 -0.3443
4.40 -0.3423
4.41 -0.3402
4.42 -0.3381
4.43 -0.3360
4.44 -0.3339
4.45 -0.3318
4.46 -0.3296
4.47 -0.3274
4.48 -0.3251
4.49 -0.3228
4.50 -0.3205
4.51 -0.3182
4.52 -0.3159
4.53 -0.3135
4.54 -0.3111
4.55 -0.3087
4.56 -0.3062
4.57 -0.3037
4.58 -0.3012
4.59 -0.2987
4.60 -0.2961
4.61 -0.2936
4.62 -0.2910
4.63 -0.2883
4.64 -0.2857
4.65 -0.2830
4.66 -0.2803
4.67 -0.2776
4.68 -0.2749
4.69 -0.2721
4.70 -0.2693
4.71 -0.2665
4.72 -0.2637
4.73 -0.2609
4.74 -0.2580
4.75 -0.2551
4.76 -0.2522
4.77 -0.2493
4.78 -0.2464
4.79 -0.2434
4.80 -0.2404
4.81 -0.2374
4.82 -0.2344
4.83 -0.2314
4.84 -0.2283
4.85 -0.2253
4.86 -0.2222
4.87 -0.2191
4.88 -0.2160
4.89 -0.2129
4.90 -0.2097
4.91 -0.2066
4.92 -0.2034
4.93 -0.2002
4.94 -0.1970
4.95 -0.1938
4.96 -0.1906
4.97 -0.1874
4.98 -0.1841
4.99 -0.1809
5.00 -0.1776
5.01 -0.1743
5.02 -0.1710
5.03 -0.1677
5.04 -0.1644
5.05 -0.1611
5.06 -0.1577
5.07 -0.1544
5.08 -0.1511
5.09 -0.1477
5.10 -0.1443
5.11 -0.1410
5.12 -0.1376
5.13 -0.1342
5.14 -0.1308
5.15 -0.1274
5.16 -0.1240
5.17 -0.1206
5.18 -0.1171
5.19 -0.1137
5.20 -0.1103
5.21 -0.1068
5.22 -0.1034
5.23 -0.1000
5.24 -0.0965
5.25 -0.0931
5.26 -0.0896
5.27 -0.0862
5.28 -0.0827
5.29 -0.0793
5.30 -0.0758
5.31 -0.0723
5.32 -0.0689
5.33 -0.0654
5.34 -0.0620
5.35 -0.0585
5.36 -0.0550
5.37 -0.0516
5.38 -0.0481
5.39 -0.0447
5.40 -0.0412
5.41 -0.0377
5.42 -0.0343
5.43 -0.0309
5.44 -0.0274
5.45 -0.0240
5.46 -0.0205
5.47 -0.0171
5.48 -0.0137
5.49 -0.0103
5.50 -0.0068
5.51 -0.0034
5.52 -0.0000
5.53 0.0034
5.54 0.0068
5.55 0.0102
5.56 0.0135
5.57 0.0169
5.58 0.0203
5.59 0.0236
5.60 0.0270
5.61 0.0303
5.62 0.0337
5.63 0.0370
5.64 0.0403
5.65 0.0436
5.66 0.0469
5.67 0.0502
5.68 0.0534
5.69 0.0567
5.70 0.0599
5.71 0.0632
5.72 0.0664
5.73 0.0696
5.74 0.0728
5.75 0.0760
5.76 0.0792
5.77 0.0823
5.78 0.0855
5.79 0.0886
5.80 0.0917
5.81 0.0948
5.82 0.0979
5.83 0.1010
5.84 0.1040
5.85 0.1071
5.86 0.1101
5.87 0.1131
5.88 0.1161
5.89 0.1191
5.90 0.1220
5.91 0.1250
5.92 0.1279
5.93 0.1308
5.94 0.1337
5.95 0.1366
5.96 0.1394
5.97 0.1423
5.98 0.1451
5.99 0.1479
6.00 0.1507
6.01 0.1534
6.02 0.1562
6.03 0.1589
6.04 0.1616
6.05 0.1642
6.06 0.1669
6.07 0.1695
6.08 0.1721
6.09 0.1747
6.10 0.1773
6.11 0.1799
6.12 0.1824
6.13 0.1849
6.14 0.1874
6.15 0.1898
6.16 0.1923
6.17 0.1947
6.18 0.1971
6.19 0.1994
6.20 0.2018
6.21 0.2041
6.22 0.2064
6.23 0.2086
6.24 0.2109
6.25 0.2131
6.26 0.2153
6.27 0.2175
6.28 0.2196
6.29 0.2217
6.30 0.2238
6.31 0.2259
6.32 0.2279
6.33 0.2299
6.34 0.2319
6.35 0.2339
6.36 0.2358
6.37 0.2377
6.38 0.2396
6.39 0.2415
6.40 0.2433
6.41 0.2451
6.42 0.2469
6.43 0.2486
6.44 0.2504
6.45 0.2521
6.46 0.2537
6.47 0.2554
6.48 0.2570
6.49 0.2586
6.50 0.2601
6.51 0.2616
6.52 0.2631
6.53 0.2646
6.54 0.2660
6.55 0.2674
6.56 0.2688
6.57 0.2702
6.58 0.2715
6.59 0.2728
6.60 0.2741
6.61 0.2753
6.62 0.2765
6.63 0.2777
6.64 0.2788
6.65 0.2799
6.66 0.2810
6.67 0.2821
6.68 0.2831
6.69 0.2841
6.70 0.2851
6.71 0.2860
6.72 0.2869
6.73 0.2878
6.74 0.2886
6.75 0.2895
6.76 0.2902
6.77 0.2910
6.78 0.2917
6.79 0.2924
6.80 0.2931
6.81 0.2937
6.82 0.2943
6.83 0.2949
6.84 0.2955
6.85 0.2960
6.86 0.2965
6.87 0.2969
6.88 0.2973
6.89 0.2977
6.90 0.2981
6.91 0.2984
6.92 0.2987
6.93 0.2990
6.94 0.2993
6.95 0.2995
6.96 0.2997
6.97 0.2998
6.98 0.2999
6.99 0.3000
7.00 0.3001
7.01 0.3001
7.02 0.3001
7.03 0.3001
7.04 0.3000
7.05 0.2999
7.06 0.2998
7.07 0.2997
7.08 0.2995
7.09 0.2993
7.10 0.2991
7.11 0.2988
7.12 0.2985
7.13 0.2982
7.14 0.2978
7.15 0.2974
7.16 0.2970
7.17 0.2966
7.18 0.2961
7.19 0.2956
7.20 0.2951
7.21 0.2945
7.22 0.2939
7.23 0.2933
7.24 0.2927
7.25 0.2920
7.26 0.2913
7.27 0.2906
7.28 0.2898
7.29 0.2890
7.30 0.2882
7.31 0.2874
7.32 0.2865
7.33 0.2856
7.34 0.2847
7.35 0.2837
7.36 0.2828
7.37 0.2818
7.38 0.2807
7.39 0.2797
7.40 0.2786
7.41 0.2775
7.42 0.2763
7.43 0.2752
7.44 0.2740
7.45 0.2728
7.46 0.2715
7.47 0.2703
7.48 0.2690
7.49 0.2677
7.50 0.2663
7.51 0.2650
7.52 0.2636
7.53 0.2622
7.54 0.2607
7.55 0.2593
7.56 0.2578
7.57 0.2563
7.58 0.2547
7.59 0.2532
7.60 0.2516
7.61 0.2500
7.62 0.2484
7.63 0.2467
7.64 0.2450
7.65 0.2433
7.66 0.2416
7.67 0.2399
7.68 0.2381
7.69 0.2363
7.70 0.2345
7.71 0.2327
7.72 0.2309
7.73 0.2290
7.74 0.2271
7.75 0.2252
7.76 0.2233
7.77 0.2213
7.78 0.2194
7.79 0.2174
7.80 0.2154
7.81 0.2134
7.82 0.2113
7.83 0.2093
7.84 0.2072
7.85 0.2051
7.86 0.2030
7.87 0.2008
7.88 0.1987
7.89 0.1965
7.90 0.1943
7.91 0.1921
7.92 0.1899
7.93 0.1877
7.94 0.1854
7.95 0.1832
7.96 0.1809
7.97 0.1786
7.98 0.1763
7.99 0.1740
8.00 0.1716
8.01 0.1693
8.02 0.1669
8.03 0.1645
8.04 0.1621
8.05 0.1597
8.06 0.1573
8.07 0.1549
8.08 0.1524
8.09 0.1500
8.10 0.1475
8.11 0.1450
8.12 0.1425
8.13 0.1400
8.14 0.1375
8.15 0.1350
8.16 0.1324
8.17 0.1299
8.18 0.1273
8.19 0.1248
8.20 0.1222
8.21 0.1196
8.22 0.1170
8.23 0.1144
8.24 0.1118
8.25 0.1092
8.26 0.1066
8.27 0.1039
8.28 0.1013
8.29 0.0986
8.30 0.0960
8.31 0.0933
8.32 0.0907
8.33 0.0880
8.34 0.0853
8.35 0.0826
8.36 0.0799
8.37 0.0772
8.38 0.0745
8.39 0.0718
8.40 0.0691
8.41 0.0664
8.42 0.0637
8.43 0.0610
8.44 0.0583
8.45 0.0556
8.46 0.0528
8.47 0.0501
8.48 0.0474
8.49 0.0446
8.50 0.0419
8.51 0.0392
8.52 0.0364
8.53 0.0337
8.54 0.0310
8.55 0.0282
8.56 0.0255
8.57 0.0228
8.58 0.0201
8.59 0.0173
8.60 0.0146
8.61 0.0119
8.62 0.0091
8.63 0.0064
8.64 0.0037
8.65 0.0010
8.66 -0.0017
8.67 -0.0044
8.68 -0.0071
8.69 -0.0099
8.70 -0.0126
8.71 -0.0152
8.72 -0.0179
8.73 -0.0206
8.74 -0.0233
8.75 -0.0260
8.76 -0.0286
8.77 -0.0313
8.78 -0.0340
8.79 -0.0366
8.80 -0.0393
8.81 -0.0419
8.82 -0.0445
8.83 -0.0472
8.84 -0.0498
8.85 -0.0524
8.86 -0.0550
8.87 -0.0576
8.88 -0.0601
8.89 -0.0627
8.90 -0.0653
8.91 -0.0678
8.92 -0.0704
8.93 -0.0729
8.94 -0.0754
8.95 -0.0780
8.96 -0.0805
8.97 -0.0829
8.98 -0.0854
8.99 -0.0879
9.00 -0.0904
9.01 -0.0928
9.02 -0.0952
9.03 -0.0977
9.04 -0.1001
9.05 -0.1025
9.06 -0.1049
9.07 -0.1072
9.08 -0.1096
9.09 -0.1119
9.10 -0.1143
9.11 -0.1166
9.12 -0.1189
9.13 -0.1212
9.14 -0.1234
9.15 -0.1257
9.16 -0.1280
9.17 -0.1302
9.18 -0.1324
9.19 -0.1346
9.20 -0.1368
9.21 -0.1389
9.22 -0.1411
9.23 -0.1432
9.24 -0.1453
9.25 -0.1474
9.26 -0.1495
9.27 -0.1516
9.28 -0.1536
9.29 -0.1557
9.30 -0.1577
9.31 -0.1597
9.32 -0.1617
9.33 -0.1636
9.34 -0.1655
9.35 -0.1675
9.36 -0.1694
9.37 -0.1713
9.38 -0.1731
9.39 -0.1750
9.40 -0.1768
9.41 -0.1786
9.42 -0.1804
9.43 -0.1822
9.44 -0.1839
9.45 -0.1856
9.46 -0.1873
9.47 -0.1890
9.48 -0.1907
9.49 -0.1923
9.50 -0.1939
9.51 -0.1956
9.52 -0.1971
9.53 -0.1987
9.54 -0.2002
9.55 -0.2017
9.56 -0.2032
9.57 -0.2047
9.58 -0.2062
9.59 -0.2076
9.60 -0.2090
9.61 -0.2104
9.62 -0.2117
9.63 -0.2131
9.64 -0.2144
9.65 -0.2157
9.66 -0.2170
9.67 -0.2182
9.68 -0.2194
9.69 -0.2206
9.70 -0.2218
9.71 -0.2230
9.72 -0.2241
9.73 -0.2252
9.74 -0.2263
9.75 -0.2273
9.76 -0.2284
9.77 -0.2294
9.78 -0.2304
9.79 -0.2313
9.80 -0.2323
9.81 -0.2332
9.82 -0.2341
9.83 -0.2350
9.84 -0.2358
9.85 -0.2366
9.86 -0.2374
9.87 -0.2382
9.88 -0.2389
9.89 -0.2397
9.90 -0.2404
9.91 -0.2410
9.92 -0.2417
9.93 -0.2423
9.94 -0.2429
9.95 -0.2435
9.96 -0.2440
9.97 -0.2445
9.98 -0.2450
9.99 -0.2455
10.00 -0.2459
10.01 -0.2464
10.02 -0.2468
10.03 -0.2471
10.04 -0.2475
10.05 -0.2478
10.06 -0.2481
10.07 -0.2484
10.08 -0.2486
10.09 -0.2488
10.10 -0.2490
10.11 -0.2492
10.12 -0.2493
10.13 -0.2495
10.14 -0.2496
10.15 -0.2496
10.16 -0.2497
10.17 -0.2497
10.18 -0.2497
10.19 -0.2497
10.20 -0.2496
10.21 -0.2495
10.22 -0.2494
10.23 -0.2493
10.24 -0.2492
10.25 -0.2490
10.26 -0.2488
10.27 -0.2485
10.28 -0.2483
10.29 -0.2480
10.30 -0.2477
10.31 -0.2474
10.32 -0.2470
10.33 -0.2467
10.34 -0.2463
10.35 -0.2458
10.36 -0.2454
10.37 -0.2449
10.38 -0.2444
10.39 -0.2439
10.40 -0.2434
10.41 -0.2428
10.42 -0.2422
10.43 -0.2416
10.44 -0.2410
10.45 -0.2403
10.46 -0.2396
10.47 -0.2389
10.48 -0.2382
10.49 -0.2374
10.50 -0.2366
10.51 -0.2358
10.52 -0.2350
10.53 -0.2342
10.54 -0.2333
10.55 -0.2324
10.56 -0.2315
10.57 -0.2306
10.58 -0.2296
10.59 -0.2286
10.60 -0.2276
10.61 -0.2266
10.62 -0.2256
10.63 -0.2245
10.64 -0.2234
10.65 -0.2223
10.66 -0.2212
10.67 -0.2200
10.68 -0.2188
10.69 -0.2176
10.70 -0.2164
10.71 -0.2152
10.72 -0.2139
10.73 -0.2127
10.74 -0.2114
10.75 -0.2100
10.76 -0.2087
10.77 -0.2074
10.78 -0.2060
10.79 -0.2046
10.80 -0.2032
10.81 -0.2017
10.82 -0.2003
10.83 -0.1988
10.84 -0.1973
10.85 -0.1958
10.86 -0.1943
10.87 -0.1928
10.88 -0.1912
10.89 -0.1896
10.90 -0.1880
10.91 -0.1864
10.92 -0.1848
10.93 -0.1831
10.94 -0.1815
10.95 -0.1798
10.96 -0.1781
10.97 -0.1764
10.98 -0.1747
10.99 -0.1729
11.00 -0.1712
11.01 -0.1694
11.02 -0.1676
11.03 -0.1658
11.04 -0.1640
11.05 -0.1621
11.06 -0.1603
11.07 -0.1584
11.08 -0.1565
11.09 -0.1546
11.10 -0.1527
11.11 -0.1508
11.12 -0.1489
11.13 -0.1469
11.14 -0.1450
11.15 -0.1430
11.16 -0.1410
11.17 -0.1390
11.18 -0.1370
11.19 -0.1350
11.20 -0.1330
11.21 -0.1309
11.22 -0.1289
11.23 -0.1268
11.24 -0.1247
11.25 -0.1226
11.26 -0.1205
11.27 -0.1184
11.28 -0.1163
11.29 -0.1142
11.30 -0.1120
11.31 -0.1099
11.32 -0.1077
11.33 -0.1056
11.34 -0.1034
11.35 -0.1012
11.36 -0.0990
11.37 -0.0968
11.38 -0.0946
11.39 -0.0924
11.40 -0.0902
11.41 -0.0879
11.42 -0.0857
11.43 -0.0835
11.44 -0.0812
11.45 -0.0790
11.46 -0.0767
11.47 -0.0744
11.48 -0.0722
11.49 -0.0699
11.50 -0.0676
11.51 -0.0653
11.52 -0.0630
11.53 -0.0607
11.54 -0.0584
11.55 -0.0561
11.56 -0.0538
11.57 -0.0515
11.58 -0.0492
11.59 -0.0469
11.60 -0.0446
11.61 -0.0423
11.62 -0.0399
11.63 -0.0376
11.64 -0.0353
11.65 -0.0329
11.66 -0.0306
11.67 -0.0283
11.68 -0.0260
11.69 -0.0236
11.70 -0.0213
11.71 -0.0190
11.72 -0.0166
11.73 -0.0143
11.74 -0.0120
11.75 -0.0096
11.76 -0.0073
11.77 -0.0050
11.78 -0.0026
11.79 -0.0003
11.80 0.0020
11.81 0.0043
11.82 0.0066
11.83 0.0090
11.84 0.0113
11.85 0.0136
11.86 0.0159
11.87 0.0182
11.88 0.0205
11.89 0.0228
11.90 0.0251
11.91 0.0274
11.92 0.0297
11.93 0.0319
11.94 0.0342
11.95 0.0365
11.96 0.0387
11.97 0.0410
11.98 0.0432
11.99 0.0455
12.00 0.0477
12.01 0.0500
12.02 0.0522
12.03 0.0544
12.04 0.0566
12.05 0.0588
12.06 0.0610
12.07 0.0632
12.08 0.0654
12.09 0.0675
12.10 0.0697
12.11 0.0719
12.12 0.0740
12.13 0.0761
12.14 0.0783
12.15 0.0804
12.16 0.0825
12.17 0.0846
12.18 0.0867
12.19 0.0887
12.20 0.0908
12.21 0.0929
12.22 0.0949
12.23 0.0969
12.24 0.0990
12.25 0.1010
12.26 0.1030
12.27 0.1050
12.28 0.1069
12.29 0.1089
12.30 0.1108
12.31 0.1128
12.32 0.1147
12.33 0.1166
12.34 0.1185
12.35 0.1204
12.36 0.1223
12.37 0.1241
12.38 0.1260
12.39 0.1278
12.40 0.1296
12.41 0.1314
12.42 0.1332
12.43 0.1350
12.44 0.1367
12.45 0.1384
12.46 0.1402
12.47 0.1419
12.48 0.1436
12.49 0.1453
12.50 0.1469
12.51 0.1486
12.52 0.1502
12.53 0.1518
12.54 0.1534
12.55 0.1550
12.56 0.1565
12.57 0.1581
12.58 0.1596
12.59 0.1611
12.60 0.1626
12.61 0.1641
12.62 0.1656
12.63 0.1670
12.64 0.1684
12.65 0.1699
12.66 0.1712
12.67 0.1726
12.68 0.1740
12.69 0.1753
12.70 0.1766
12.71 0.1779
12.72 0.1792
12.73 0.1804
12.74 0.1817
12.75 0.1829
12.76 0.1841
12.77 0.1853
12.78 0.1865
12.79 0.1876
12.80 0.1887
12.81 0.1898
12.82 0.1909
12.83 0.1920
12.84 0.1930
12.85 0.1940
12.86 0.1950
12.87 0.1960
12.88 0.1970
12.89 0.1979
12.90 0.1989
12.91 0.1998
12.92 0.2006
12.93 0.2015
12.94 0.2023
12.95 0.2032
12.96 0.2040
12.97 0.2047
12.98 0.2055
12.99 0.2062
13.00 0.2069
13.01 0.2076
13.02 0.2083
13.03 0.2090
13.04 0.2096
13.05 0.2102
13.06 0.2108
13.07 0.2113
13.08 0.2119
13.09 0.2124
13.10 0.2129
13.11 0.2134
13.12 0.2138
13.13 0.2143
13.14 0.2147
13.15 0.2151
13.16 0.2154
13.17 0.2158
13.18 0.2161
13.19 0.2164
13.20 0.2167
13.21 0.2170
13.22 0.2172
13.23 0.2174
13.24 0.2176
13.25 0.2178
13.26 0.2179
13.27 0.2180
13.28 0.2182
13.29 0.2182
13.30 0.2183
13.31 0.2183
13.32 0.2184
13.33 0.2184
13.34 0.2183
13.35 0.2183
13.36 0.2182
13.37 0.2181
13.38 0.2180
13.39 0.2179
13.40 0.2177
13.41 0.2175
13.42 0.2173
13.43 0.2171
13.44 0.2169
13.45 0.2166
13.46 0.2163
13.47 0.2160
13.48 0.2157
13.49 0.2154
13.50 0.2150
13.51 0.2146
13.52 0.2142
13.53 0.2137
13.54 0.2133
13.55 0.2128
13.56 0.2123
13.57 0.2118
13.58 0.2113
13.59 0.2107
13.60 0.2101
13.61 0.2095
13.62 0.2089
13.63 0.2083
13.64 0.2076
13.65 0.2069
13.66 0.2062
13.67 0.2055
13.68 0.2047
13.69 0.2040
13.70 0.2032
13.71 0.2024
13.72 0.2016
13.73 0.2007
13.74 0.1999
13.75 0.1990
13.76 0.1981
13.77 0.1972
13.78 0.1962
13.79 0.1953
13.80 0.1943
13.81 0.1933
13.82 0.1923
13.83 0.1913
13.84 0.1902
13.85 0.1892
13.86 0.1881
13.87 0.1870
13.88 0.1858
13.89 0.1847
13.90 0.1836
13.91 0.1824
13.92 0.1812
13.93 0.1800
13.94 0.1788
13.95 0.1775
13.96 0.1762
13.97 0.1750
13.98 0.1737
13.99 0.1724
14.00 0.1710
14.01 0.1697
14.02 0.1683
14.03 0.1670
14.04 0.1656
14.05 0.1642
14.06 0.1628
14.07 0.1613
14.08 0.1599
14.09 0.1584
14.10 0.1569
14.11 0.1554
14.12 0.1539
14.13 0.1524
14.14 0.1509
14.15 0.1493
14.16 0.1477
14.17 0.1462
14.18 0.1446
14.19 0.1430
14.20 0.1413
14.21 0.1397
14.22 0.1381
14.23 0.1364
14.24 0.1347
14.25 0.1330
14.26 0.1313
14.27 0.1296
14.28 0.1279
14.29 0.1262
14.30 0.1244
14.31 0.1227
14.32 0.1209
14.33 0.1192
14.34 0.1174
14.35 0.1156
14.36 0.1138
14.37 0.1119
14.38 0.1101
14.39 0.1083
14.40 0.1064
14.41 0.1046
14.42 0.1027
14.43 0.1008
14.44 0.0990
14.45 0.0971
14.46 0.0952
14.47 0.0933
14.48 0.0914
14.49 0.0894
14.50 0.0875
14.51 0.0856
14.52 0.0836
14.53 0.0817
14.54 0.0797
14.55 0.0777
14.56 0.0758
14.57 0.0738
14.58 0.0718
14.59 0.0698
14.60 0.0678
14.61 0.0658
14.62 0.0638
14.63 0.0618
14.64 0.0598
14.65 0.0578
14.66 0.0557
14.67 0.0537
14.68 0.0517
14.69 0.0496
14.70 0.0476
14.71 0.0455
14.72 0.0435
14.73 0.0415
14.74 0.0394
14.75 0.0373
14.76 0.0353
14.77 0.0332
14.78 0.0312
14.79 0.0291
14.80 0.0270
14.81 0.0250
14.82 0.0229
14.83 0.0208
14.84 0.0188
14.85 0.0167
14.86 0.0146
14.87 0.0125
14.88 0.0105
14.89 0.0084
14.90 0.0063
14.91 0.0043
14.92 0.0022
14.93 0.0001
14.94 -0.0019
14.95 -0.0040
14.96 -0.0061
14.97 -0.0081
14.98 -0.0102
14.99 -0.0122
